0 0.3459375 0.0325390625 0.086765625 0.062796875
0 0.3459375 0.321390625 0.09133593749999999 0.1746796875
0 0.35221874999999997 0.6604765625 0.0924765625 0.1564140625
0 0.03653125 0.31625000000000003 0.0685 0.16896875
0 0.0296875 0.0359609375 0.059367187499999995 0.069640625
0 0.013703125 0.6267968749999999 0.0273984375 0.13015625
0 0.009703125 0.921921875 0.01940625 0.0582265625
0 0.3505 0.9738046875 0.084484375 0.0523828125
1 0.43156249999999996 0.304265625 0.054804687500000004 0.07421093749999999
1 0.291703125 0.4361328125 0.0559453125 0.13471875
1 0.289421875 0.25232031250000003 0.0422421875 0.06621875
1 0.3933203125 0.1872421875 0.0764921875 0.06393750000000001
1 0.34650781249999996 0.127296875 0.049093750000000005 0.030828125
1 0.4064453125 0.7991953125 0.06621875 0.0936171875
1 0.301984375 0.746671875 0.0285390625 0.0616484375
1 0.2974140625 0.8539921874999999 0.01940625 0.031968750000000004
1 0.4190078125 0.60225 0.0273984375 0.067359375
1 0.42242968750000004 0.4955 0.12330468750000001 0.152984375
1 0.3282421875 0.485796875 0.033109375 0.07421093749999999
1 0.061078125000000004 0.712421875 0.035390624999999995 0.050234375
1 0.043953124999999996 0.765515625 0.05365625 0.0468125
1 0.073640625 0.8220234375000001 0.01484375 0.031968750000000004
1 0.0296875 0.821453125 0.059367187499999995 0.062796875
1 0.0336796875 0.522328125 0.037679687499999996 0.0901953125
1 0.047953125 0.641640625 0.0228359375 0.018265625
1 0.05194531249999999 0.223203125 0.026257812499999998 0.07192968749999999
1 0.0839140625 0.1267265625 0.0216953125 0.031968750000000004
1 0.058796875000000005 0.0804921875 0.0445234375 0.07421093749999999
1 0.011984375 0.20379687500000002 0.0216953125 0.0399609375
1 0.037679687499999996 0.16611718749999999 0.013703125 0.0239765625
1 0.038820312499999995 0.1324375 0.018265625 0.018265625
1 0.05765625 0.1746796875 0.033109375 0.0251171875
1 0.30939843749999996 0.9207812499999999 0.031968750000000004 0.0445234375
1 0.347078125 0.943046875 0.018265625 0.047953125
1 0.043953124999999996 0.9692421875000001 0.030828125 0.0615234375
1 0.0085625 0.8762578124999999 0.017125 0.0239765625
1 0.0485234375 0.9282031249999999 0.037679687499999996 0.020546875
1 0.393890625 0.0850546875 0.0251171875 0.0216953125