0 0.2922734375 0.0142734375 0.054804687500000004 0.0285390625
0 0.25403125000000004 0.2386171875 0.0924765625 0.146140625
0 0.2214921875 0.4800859375 0.10503906249999999 0.1586953125
0 0.1683984375 0.7906328125 0.1061796875 0.1586953125
0 0.5211875 0.69871875 0.051375000000000004 0.0890546875
0 0.528609375 0.41828125 0.0707890625 0.1255859375
0 0.59140625 0.075921875 0.082203125 0.1267265625
0 0.8831093750000001 0.13871875 0.07878125 0.133578125
0 0.8088984375000001 0.7689375 0.069640625 0.119875
0 0.4609375 0.98046875 0.05625 0.0359375
1 0.2765625 0.11640625 0.075 0.1015625
1 0.13984375 0.23125 0.0390625 0.059375
1 0.06953125 0.2359375 0.0421875 0.090625
1 0.13671875 0.94453125 0.0484375 0.1109375
1 0.1875 0.92109375 0.0625 0.1328125
1 0.22890625 0.6609375 0.0265625 0.06875
1 0.1640625 0.684375 0.04375 0.06875
1 0.2640625 0.3640625 0.040625 0.059375
1 0.22578125 0.27421875 0.0390625 0.0734375
1 0.2828125 0.16875 0.046875 0.053125
1 0.5109375 0.94921875 0.05 0.1015625
1 0.459375 0.9140625 0.05 0.08125
1 0.415625 0.9640625 0.040625 0.071875
1 0.50390625 0.83359375 0.1234375 0.1578125
1 0.47109375 0.703125 0.0515625 0.103125
1 0.57578125 0.66171875 0.0484375 0.1296875
1 0.4890625 0.60078125 0.04375 0.0671875
1 0.5578125 0.57109375 0.040625 0.0515625
1 0.52734375 0.6203125 0.0578125 0.053125
1 0.52890625 0.515625 0.0421875 0.046875
1 0.55625 0.29140625 0.1 0.1296875
1 0.61640625 0.18125 0.0671875 0.08125
1 0.50703125 0.19140625 0.0515625 0.0609375
1 0.5484375 0.16015625 0.053125 0.1015625
1 0.52421875 0.05546875 0.0578125 0.1046875
1 0.49140625 0.30625 0.0390625 0.090625
1 0.89609375 0.0421875 0.1140625 0.084375
1 0.9359375 0.1640625 0.028125 0.146875
1 0.8609375 0.25625 0.040625 0.059375
1 0.90703125 0.25234375 0.0546875 0.1015625
1 0.8546875 0.38984375 0.04375 0.0703125
1 0.87421875 0.32265625 0.0953125 0.0421875
1 0.80390625 0.5546875 0.1015625 0.296875
1 0.87421875 0.6421875 0.0515625 0.165625
1 0.91640625 0.63515625 0.0453125 0.0453125
1 0.89375 0.73828125 0.046875 0.0671875
1 0.75703125 0.83671875 0.0671875 0.1765625
1 0.8703125 0.8421875 0.05625 0.1125
1 0.82578125 0.9140625 0.0984375 0.171875