0 0.25934375 0.059210937500000005 0.08442187500000001 0.1184140625
0 0.2350625 0.357375 0.08722656250000001 0.1793515625
0 0.1911171875 0.699265625 0.095640625 0.13118749999999998
0 0.620328125 0.2971875 0.096921875 0.1456484375
0 0.67109375 0.0363359375 0.05078125 0.072671875
0 0.6209296875 0.658734375 0.10294531250000001 0.16890624999999998
0 0.9853671875 0.6691640624999999 0.0292578125 0.1721171875
1 0.021890625 0.0845078125 0.04378125 0.07984375
1 0.238875 0.2524453125 0.019398437499999997 0.030484375
1 0.26515625 0.207296875 0.0366640625 0.046132812499999995
1 0.191921875 0.8033906249999999 0.07959374999999999 0.06978124999999999
1 0.12730468749999999 0.6589375000000001 0.030617187499999997 0.0938671875
1 0.40623437500000004 0.6872265625 0.325234375 0.18415625
1 0.4295 0.8292734375 0.11976562500000001 0.09265625
1 0.5151796875 0.8184374999999999 0.044734375 0.06135937500000001
1 0.3171328125 0.538953125 0.0892421875 0.1171484375
1 0.32615625000000004 0.44103906249999997 0.049515625 0.057757812500000005
1 0.4908984375 0.554 0.07884375 0.079828125
1 0.48728906250000004 0.47093749999999995 0.057171875000000004 0.0581640625
1 0.368296875 0.30681250000000004 0.0904609375 0.11675781249999999
1 0.33097656249999996 0.379046875 0.049515625 0.039703125
1 0.6283593749999999 0.4751484375 0.148296875 0.1917890625
1 0.721453125 0.5257109375 0.0378984375 0.052140624999999996
1 0.7118203125 0.467328125 0.023453125 0.0605703125
1 0.5470859375 0.94425 0.0483515625 0.052937500000000005
1 0.6353828125 0.8503515625 0.1896328125 0.12998437499999999
1 0.701 0.9598984375 0.2390078125 0.0697890625
1 0.7672109375 0.87784375 0.053609375 0.043710937500000005
1 0.859515625 0.8995078124999999 0.090546875 0.06778125
1 0.87978125 0.9803671875 0.0331640625 0.028859375
1 0.9805546875 0.79959375 0.038890625 0.0701953125
1 0.9827187500000001 0.8840625 0.022343750000000002 0.0433046875
1 0.878578125 0.5776875 0.06928125 0.08545312499999999
1 0.7671953125 0.7185312500000001 0.1968125 0.15526562500000002
1 0.7455390625 0.6045703125 0.12584375 0.055757812500000004
1 0.7900859375 0.546390625 0.07046875 0.0421171875
1 0.9690703125000001 0.4799765625 0.059265625 0.08103906250000001
1 0.9136875 0.4079453125 0.05443750000000001 0.06378906250000001
1 0.8697421875 0.45249218750000003 0.024328125 0.0373046875
1 0.7425312500000001 0.34274218749999996 0.05721875 0.0425234375
1 0.7692187500000001 0.41396875 0.0399609375 0.0469375
1 0.7467421875 0.48439062499999996 0.03675 0.10592187500000001
1 0.1594140625 0.6081796875000001 0.062734375 0.053351562500000005
1 0.31753125 0.16897656249999998 0.0451015625 0.0866640625
1 0.400609375 0.057023437499999996 0.14865625 0.10833593749999999
1 0.6307578125 0.1537265625 0.0760546875 0.141234375
1 0.6843359375 0.26528125 0.038304687500000004 0.0962890625
1 0.6197265625 0.041976562499999995 0.0475625 0.0830546875
1 0.91128125 0.66896875 0.025539062499999998 0.03528125
1 0.9002421875 0.7195234375 0.0355703125 0.0304609375
1 0.896234375 0.7851328125 0.03396875 0.0605546875
1 0.7714218749999999 0.2508359375 0.0379609375 0.052953125000000004
1 0.9239218749999999 0.1136015625 0.0315625 0.07221875
1 0.4224765625 0.232578125 0.0350859375 0.038906249999999996
1 0.49812500000000004 0.224953125 0.0306875 0.05896875
1 0.542265625 0.24762499999999998 0.03390625 0.040109375
1 0.0931953125 0.774296875 0.016968749999999998 0.0244375