0 0.16953125 0.33203125 0.0921875 0.1796875
0 0.178125 0.6328125 0.103125 0.190625
0 0.17109375 0.925 0.0609375 0.1125
0 0.4609375 0.43984375 0.090625 0.1421875
0 0.44375 0.1328125 0.075 0.1125
0 0.73125 0.0796875 0.04375 0.08125
0 0.740625 0.359375 0.05 0.090625
0 0.7328125 0.6703125 0.059375 0.075
0 0.76796875 0.9734375 0.0609375 0.053125
1 0.19765625 0.06953125 0.0359375 0.0453125
1 0.16796875 0.08359375 0.0265625 0.0421875
1 0.19609375 0.20546875 0.0296875 0.0578125
1 0.1484375 0.44453125 0.025 0.0515625
1 0.1984375 0.47421875 0.034375 0.0484375
1 0.16640625 0.52265625 0.0359375 0.0203125
1 0.2015625 0.7484375 0.015625 0.046875
1 0.18359375 0.828125 0.0296875 0.059375
1 0.14140625 0.821875 0.0515625 0.04375
1 0.06640625 0.78125 0.0453125 0.059375
1 0.434375 0.73125 0.046875 0.046875
1 0.46171875 0.67421875 0.0203125 0.0453125
1 0.496875 0.73125 0.021875 0.05
1 0.41875 0.56328125 0.0375 0.0703125
1 0.36484375 0.5390625 0.0296875 0.053125
1 0.47734375 0.34140625 0.0265625 0.0359375
1 0.37265625 0.240625 0.0265625 0.04375
1 0.4703125 0.225 0.034375 0.046875
1 0.34375 0.0265625 0.028125 0.05
1 0.40625 0.028125 0.03125 0.046875
1 0.46484375 0.0265625 0.0359375 0.05
1 0.7265625 0.86953125 0.1 0.1171875
1 0.79609375 0.903125 0.0203125 0.046875
1 0.7140625 0.96640625 0.04375 0.0546875
1 0.76015625 0.75859375 0.0390625 0.0515625
1 0.78125 0.71328125 0.021875 0.0421875
1 0.79296875 0.8125 0.0265625 0.05
1 0.778125 0.621875 0.04375 0.065625
1 0.73046875 0.58828125 0.0359375 0.0828125
1 0.73125 0.4671875 0.04375 0.08125
1 0.69921875 0.3625 0.0296875 0.090625
1 0.74453125 0.2671875 0.0578125 0.08125
1 0.7203125 0.175 0.053125 0.08125
1 0.778125 0.11484375 0.03125 0.2140625
1 0.98671875 0.10234375 0.0265625 0.1359375
1 0.99453125 0.21640625 0.0109375 0.0171875
1 0.99609375 0.296875 0.0078125 0.028125
1 0.9921875 0.44921875 0.015625 0.0359375
1 0.490625 0.9875 0.028125 0.025
1 0.27734375 0.1078125 0.0296875 0.0375
1 0.18984375 0.015625 0.0421875 0.025