0 0.54078125 0.6823984375000001 0.1034453125 0.156765625
0 0.5797343749999999 0.334625 0.0808984375 0.13309375
0 0.22753125000000002 0.5017578125 0.08184375 0.16825
0 0.19628125000000002 0.778125 0.0818515625 0.1830390625
0 0.2673671875 0.18603125 0.096796875 0.177421875
0 0.6086406249999999 0.0695546875 0.07843750000000001 0.139109375
0 0.9549296875 0.3065390625 0.06789062500000001 0.11487499999999999
1 0.3682578125 0.3518125 0.0753515625 0.12728124999999998
1 0.22585937500000003 0.3442265625 0.0851953125 0.112109375
1 0.2044296875 0.26289843749999997 0.04234375 0.0498984375
1 0.20153125 0.2004140625 0.032078125 0.058867187499999994
1 0.033578125 0.206546875 0.046617187500000004 0.06443750000000001
1 0.09975 0.23790624999999999 0.0160234375 0.026710937499999997
1 0.11280468749999999 0.4878125 0.1023984375 0.169375
1 0.056898437499999996 0.558 0.0821015625 0.102171875
1 0.179546875 0.46495312499999997 0.0260546875 0.09910156249999999
1 0.2851171875 0.68196875 0.0363046875 0.0666171875
1 0.17865625000000002 0.5663750000000001 0.0242734375 0.0943515625
1 0.115375 0.62228125 0.038343749999999996 0.0253671875
1 0.1321171875 0.66746875 0.02271875 0.051000000000000004
1 0.1945 0.645375 0.0425703125 0.0648515625
1 0.24070312500000002 0.6611015625000001 0.032296875 0.067296875
1 0.1315546875 0.8016171875 0.05061718750000001 0.06707031249999999
1 0.0239765625 0.7611953125 0.047953125 0.2585546875
1 0.0692890625 0.8159062499999999 0.037679687499999996 0.0331484375
1 0.1582265625 0.8697968749999999 0.0258359375 0.044937500000000005
1 0.065375 0.9727656250000001 0.0990625 0.054460937499999994
1 0.03915625 0.9208671875000001 0.026523437500000004 0.03325
1 0.0139375 0.9304609375 0.0251875 0.030117187499999996
1 0.128546875 0.9390468750000001 0.0245 0.0450625
1 0.16592968749999998 0.9430624999999999 0.0479296875 0.053093749999999995
1 0.3001796875 0.9521171875000001 0.0686640625 0.0957578125
1 0.2656953125 0.8636250000000001 0.028718749999999998 0.037078125
1 0.30553906249999996 0.8301484374999999 0.079375 0.10403906249999999
1 0.3315390625 0.7202421875 0.075578125 0.09182812500000001
1 0.53665625 0.9061328124999999 0.026000000000000002 0.0395078125
0 0.5238203125 0.959375 0.078453125 0.08125
1 0.0436171875 0.1352890625 0.026523437500000004 0.0469140625
1 0.075984375 0.13974999999999999 0.0242890625 0.037984375
1 0.26267968750000004 0.0511484375 0.1097421875 0.097390625
1 0.20465624999999998 0.09232812500000001 0.029398437500000003 0.034664062499999995
1 0.21671093749999998 0.1423203125 0.0177890625 0.027492187499999998
1 0.1941640625 0.1441015625 0.012882812499999998 0.022140625
1 0.0803359375 0.01378125 0.0352265625 0.0275703125
1 0.0461875 0.07246875 0.0231796875 0.052976562500000005
1 0.7524921875 0.1037109375 0.0156953125 0.0261796875
1 0.5478203125000001 0.5625859375 0.0304609375 0.028749999999999998
1 0.55596875 0.5291171875 0.017734375 0.0153828125
1 0.52784375 0.5394921874999999 0.015062500000000001 0.016046875
1 0.5143359375000001 0.6005234374999999 0.026000000000000002 0.024265625
1 0.5807421875000001 0.6949140625 0.0181796875 0.030007812499999998
1 0.839203125 0.9127812499999999 0.052953125000000004 0.095203125
1 0.9135234375 0.92975 0.027492187499999998 0.057710937500000004
1 0.8937734374999999 0.9671875 0.0616484375 0.065625
1 0.839421875 0.7891640625 0.0400078125 0.053328125000000004
1 0.8582812499999999 0.693984375 0.039781250000000004 0.0705625
1 0.899578125 0.6951015625 0.028617187500000002 0.0772578125
1 0.9653046875 0.6418828125 0.03284375 0.06233593750000001
1 0.879484375 0.606296875 0.033078125 0.0335703125
1 0.84946875 0.587890625 0.0199140625 0.025773437500000003
1 0.8630859375 0.46121093750000003 0.024828125 0.0358046875
1 0.8887499999999999 0.42059375 0.0538359375 0.034937499999999996
1 0.945109375 0.375296875 0.039320312499999996 0.029164062499999997
1 0.933390625 0.4675625 0.053828125000000004 0.0462890625
1 0.8710078125 0.517109375 0.016117187499999998 0.0293046875
1 0.9002421875 0.512421875 0.034414062499999995 0.042249999999999996
1 0.93271875 0.062578125 0.0748125 0.055515625
1 0.8938828125 0.20149218750000003 0.04178125 0.0275390625
1 0.9363984375 0.23139062500000002 0.0353046875 0.033773437499999996
1 0.9525859375 0.1775 0.02971875 0.04875
1 0.9237890625 0.17292968749999998 0.021242187500000002 0.0329140625
1 0.8906484375 0.2331796875 0.028617187500000002 0.028414062499999997
1 0.8817187499999999 0.3061484375 0.0196875 0.02703125
1 0.8970078125000001 0.3370546875 0.021249999999999998 0.0330390625
1 0.9641875000000001 0.419734375 0.0261484375 0.044375
1 0.9407578125 0.012890625 0.0283828125 0.02578125
1 0.9010234374999999 0.1557109375 0.020359375 0.018562500000000003
1 0.8544921875 0.8435078125000001 0.0188046875 0.0213828125
1 0.091046875 0.0882734375 0.029867187499999996 0.0332421875
1 0.8925468750000001 0.7687890625 0.021249999999999998 0.0304375
1 0.9227890625 0.7810625 0.02146875 0.041585937499999996