0 0.17870312500000002 0.0943984375 0.10330468749999999 0.150796875
0 0.43814062500000006 0.0682734375 0.0783671875 0.127046875
0 0.712421875 0.133578125 0.06886718750000001 0.14129687500000002
0 0.1941328125 0.3882734375 0.0819296875 0.113984375
0 0.1893828125 0.6732421875 0.0819296875 0.142484375
0 0.436359375 0.6500859375 0.0843046875 0.153171875
0 0.724890625 0.454171875 0.0415546875 0.0629296875
0 0.701734375 0.7593203125 0.0379921875 0.07717968750000001
0 0.1965078125 0.966046875 0.07242968749999999 0.06791406250000001
0 0.441109375 0.9743515625000001 0.046304687500000004 0.0512890625
1 0.21847656249999997 0.2546875 0.026125 0.122296875
1 0.1881953125 0.260625 0.034437499999999996 0.0748046875
1 0.19175781249999999 0.56221875 0.0534296875 0.0961796875
1 0.19532031249999998 0.7896015625 0.0629296875 0.0926171875
1 0.46901562500000005 0.171578125 0.0403671875 0.0748046875
1 0.454765625 0.26003125 0.0949921875 0.12823437499999998
1 0.432796875 0.3752109375 0.0700546875 0.0522421875
1 0.44526562500000005 0.5099765625 0.028499999999999998 0.0273125
1 0.4767265625 0.58121875 0.034437499999999996 0.0368046875
1 0.4862265625 0.6595859374999999 0.0415546875 0.051054687499999994
1 0.4814765625 0.740921875 0.043929687499999995 0.061742187500000004
1 0.420328125 0.7444843750000001 0.030875000000000003 0.0403671875
1 0.5052265625000001 0.7872265625 0.0320625 0.0498671875
1 0.40607812499999996 0.8276015624999999 0.02375 0.030875000000000003
1 0.424484375 0.8638125000000001 0.0534296875 0.0534296875
1 0.46604687499999997 0.9118984375 0.0391796875 0.06886718750000001
1 0.49632031249999997 0.9678281249999999 0.0451171875 0.0643515625
1 0.428640625 0.9504921875000001 0.0403671875 0.046304687500000004
1 0.4731640625 0.3378046875 0.0273125 0.0581796875
1 0.7783203125 0.168609375 0.0391796875 0.06886718750000001
1 0.688078125 0.042148437500000004 0.0391796875 0.0843046875
1 0.746859375 0.0427421875 0.030875000000000003 0.06886718750000001
1 0.6773984375000001 0.24816406249999998 0.0320625 0.06886718750000001
1 0.740921875 0.2220390625 0.06411718749999999 0.0474921875
1 0.7011406250000001 0.3401796875 0.043929687499999995 0.10567968750000001
1 0.6768046875 0.411421875 0.03325 0.0486796875
1 0.7836640625 0.5729062500000001 0.0569921875 0.07242968749999999
1 0.6845234375 0.57646875 0.0296875 0.0534296875
1 0.698765625 0.5123515624999999 0.0581796875 0.055804687500000005
1 0.696984375 0.689265625 0.0522421875 0.0748046875
1 0.7735703125 0.6708671875000001 0.0320625 0.0474921875
1 0.7937578125 0.7320156250000001 0.0415546875 0.0605546875
1 0.756359375 0.747453125 0.021374999999999998 0.07242968749999999
1 0.7616953125 0.834125 0.0368046875 0.0748046875
1 0.7985078125 0.8460000000000001 0.0391796875 0.0368046875
1 0.7907890625 0.9368359375 0.03325 0.0427421875
1 0.7866328125 0.9773203125000001 0.0534296875 0.0453515625
1 0.6779921875 0.884 0.021374999999999998 0.0486796875
1 0.700546875 0.8614375000000001 0.028499999999999998 0.0391796875
1 0.7284531249999999 0.8970625 0.0296875 0.0273125
1 0.694609375 0.9439609375 0.030875000000000003 0.0379921875