0 0.196796875 0.105171875 0.0959375 0.1314453125
0 0.5567265625 0.037820312499999995 0.0853359375 0.07564062499999999
0 0.1561796875 0.8637499999999999 0.045953125 0.0978046875
0 0.8332656249999999 0.9513671875 0.12278906249999999 0.097265625
1 0.21853125 0.0185859375 0.0265078125 0.0371640625
1 0.2431328125 0.1555546875 0.0366640625 0.0411875
1 0.1981171875 0.47192968750000003 0.12044531249999998 0.5801875
1 0.2728203125 0.3520859375 0.03353125 0.0729140625
1 0.22282031249999998 0.8508437499999999 0.0351015625 0.0430859375
1 0.20085156249999997 0.8857890625 0.0243671875 0.0387734375
1 0.20993750000000003 0.9411250000000001 0.0171328125 0.0244375
1 0.1507578125 0.964453125 0.0589375 0.07109375
1 0.193140625 0.9668984375 0.014796875000000001 0.021296875
1 0.5182109374999999 0.8326171875 0.0926640625 0.334765625
1 0.45532812500000003 0.87909375 0.0372109375 0.029281249999999998
1 0.44478125 0.78771875 0.016117187499999998 0.0183984375
1 0.5279765624999999 0.5821171875 0.0731328125 0.1599375
1 0.53325 0.28025 0.0719609375 0.3784609375
1 0.5774843749999999 0.1447890625 0.017859375 0.029421874999999997
1 0.48871875 0.24388281250000002 0.021968750000000002 0.03425
1 0.5733828125 0.08735156250000001 0.037 0.0375859375
1 0.5592265624999999 0.4884765625 0.018445312499999998 0.0234375
1 0.5153749999999999 0.477640625 0.0186484375 0.02325
1 0.500828125 0.01165625 0.014937500000000001 0.015109375
1 0.5042500000000001 0.0485546875 0.0159140625 0.014695312499999998
1 0.8511875 0.022226562499999998 0.06721875000000001 0.0444609375
1 0.85040625 0.1297109375 0.07346875 0.07934375
1 0.8897578125000001 0.0887109375 0.0369453125 0.06765625
1 0.9122187500000001 0.014812500000000001 0.023265625 0.029625000000000002
1 0.8356640625 0.21684375 0.01859375 0.0289921875
1 0.8661328125000001 0.282921875 0.0248359375 0.120140625
1 0.8700390625000001 0.186671875 0.0248359375 0.025296875000000003
1 0.8351796874999999 0.373921875 0.0273828125 0.0208984375
1 0.874234375 0.37675000000000003 0.050812500000000003 0.04803125
1 0.8697421875 0.4262890625 0.014484374999999999 0.026015624999999997
1 0.8532421875 0.42560937499999996 0.014687500000000001 0.0148828125
1 0.89728125 0.41574218749999997 0.01096875 0.0205546875
1 0.8649531250000001 0.4933203125 0.09280468750000001 0.097578125
1 0.8122265625 0.5288671875000001 0.0186015625 0.020234375
1 0.8540234375000001 0.5914375 0.0631171875 0.0731171875
1 0.824921875 0.7161171875 0.024453125 0.0470703125
1 0.8105703125 0.832421875 0.017234375 0.08046875
1 0.84640625 0.737828125 0.012734375000000001 0.026046875000000004