0 0.13932031250000002 0.08159374999999999 0.06684375000000001 0.109375
0 0.1375859375 0.32117968750000003 0.0807265625 0.107640625
0 0.1410625 0.6015625 0.040796874999999996 0.0868046875
0 0.39149218750000003 0.7430546875 0.024304687499999998 0.060765625000000004
0 0.388453125 0.9709218749999999 0.0338515625 0.05815625
0 0.3997421875 0.173609375 0.028648437500000002 0.0711796875
0 0.66796875 0.19791406250000002 0.072046875 0.126734375
0 0.6705703125 0.5247421875 0.0651015625 0.0928828125
0 0.6927109375 0.8463515625 0.076390625 0.1180546875
0 0.9201406249999999 0.48003125 0.0677109375 0.0989609375
0 0.9244765625 0.213109375 0.05903125 0.0963515625
0 0.9188359374999999 0.01996875 0.0442734375 0.0381953125
1 0.12846875 0.185328125 0.03125 0.0755234375
1 0.1870625 0.17925 0.021703125 0.0633671875
1 0.18315625 0.02778125 0.020835937500000002 0.0520859375
1 0.1610234375 0.25086718750000003 0.02690625 0.0416640625
1 0.158421875 0.4214375 0.021703125 0.03559375
1 0.11197656250000002 0.459203125 0.026039062499999998 0.060765625000000004
1 0.15625 0.5134531250000001 0.01215625 0.030382812500000002
1 0.123265625 0.53559375 0.017359375 0.046875
1 0.1710078125 0.5694453125 0.02778125 0.048609374999999996
1 0.16275781250000002 0.7326406249999999 0.025171875 0.0729140625
1 0.11849218749999998 0.81596875 0.040796874999999996 0.092015625
1 0.16275781250000002 0.89496875 0.01996875 0.0694453125
1 0.099828125 0.9058125 0.022570312500000002 0.056421874999999996
1 0.13021093749999998 0.9782968750000001 0.015625 0.0399296875
1 0.15755468749999998 0.95659375 0.01996875 0.045140625000000004
1 0.359375 0.9045156249999999 0.026039062499999998 0.04340625
1 0.51128125 0.6809921875 0.13021093749999998 0.25434375
1 0.431859375 0.3932265625 0.025171875 0.045140625000000004
1 0.3736953125 0.1766484375 0.016492187499999998 0.0442734375
1 0.6788203125 0.0533828125 0.0555546875 0.0928828125
1 0.67578125 0.0021718749999999998 0.0008671875000000001 0.0043437499999999995
1 0.6471328125 0.1180546875 0.0147578125 0.026039062499999998
1 0.66840625 0.29600781249999997 0.045140625000000004 0.060765625000000004
1 0.7083359375 0.28428906249999997 0.013890625 0.025171875
1 0.66753125 0.373265625 0.076390625 0.0885390625
1 0.6631953125 0.64409375 0.0364609375 0.0989609375
1 0.6414921875 0.9040781250000001 0.032984374999999996 0.10503124999999999
1 0.9058125 0.0611953125 0.05815625 0.037328125000000004
1 0.9127578125 0.34678906249999997 0.099828125 0.1640625
1 0.9322890625 0.138890625 0.045140625000000004 0.048609374999999996
1 0.9201406249999999 0.765171875 0.0885390625 0.46965625
1 0.6232656249999999 0.1397578125 0.017359375 0.02778125
1 0.41015625 0.44053906249999997 0.01128125 0.04253125