0 0.0390625 0.07764062499999999 0.078125 0.15528124999999998
0 0.0158203125 0.3381171875 0.031640625 0.0934296875
0 0.33116406249999997 0.1858203125 0.080296875 0.1169453125
0 0.30440625 0.4302734375 0.0650625 0.12149218749999999
0 0.26242187499999997 0.667515625 0.0709296875 0.099875
0 0.21847656249999997 0.9349609375 0.065078125 0.120703125
0 0.4915 0.9572265625 0.1033125 0.085546875
0 0.5104453125 0.6897734375 0.056046874999999996 0.1115703125
0 0.5508671875 0.436125 0.11267968749999999 0.17225
0 0.590125 0.169015625 0.10915625 0.16928125
0 0.8299453124999999 0.4105546875 0.10442968749999999 0.14844531249999998
0 0.8074921875 0.7020625 0.10247656249999999 0.16507031249999998
1 0.008984375 0.5015546875 0.01796875 0.0726328125
1 0.3241328125 0.101671875 0.084984375 0.054125
1 0.270625 0.18503125 0.0326484375 0.1310078125
1 0.3323359375 0.2697890625 0.031078125 0.058320312500000006
1 0.2739453125 0.49159375 0.051007812500000006 0.048820312500000004
1 0.210859375 0.6095312500000001 0.0459453125 0.0503125
1 0.267109375 0.5716484375 0.0490546875 0.076109375
1 0.3327265625 0.608359375 0.024046875000000002 0.055781250000000004
1 0.1886015625 0.707734375 0.06859375 0.1412421875
1 0.1753203125 0.85125 0.029546875 0.0884375
1 0.22863281249999998 0.8739062499999999 0.054140625 0.0712421875
1 0.1690703125 0.9547343749999999 0.0482890625 0.08447656249999999
1 0.5096640625 0.8869921875 0.098234375 0.05443750000000001
1 0.4870078125 0.7911171875 0.074796875 0.0775390625
1 0.6223515625 0.0401640625 0.075953125 0.080328125
1 0.58153125 0.302 0.060726562500000004 0.08759375
1 0.8951796875 0.1721484375 0.07082812499999999 0.1442890625
1 0.7988984375 0.5476328125000001 0.05404687500000001 0.0866640625
1 0.861390625 0.5626562500000001 0.0384140625 0.1596796875
1 0.8205781249999999 0.8986328125 0.05443750000000001 0.202734375
1 0.7688203125 0.8166953124999999 0.048585937499999995 0.054484374999999995
1 0.7590546875 0.9591796875 0.052492187499999995 0.081640625
1 0.5493125 0.5622812500000001 0.0626796875 0.041749999999999995
1 0.553609375 0.631984375 0.047835937499999995 0.05225