0 0.1990390625 0.20993750000000003 0.08833593749999999 0.156015625
0 0.19215625 0.49157812500000003 0.11128125 0.17092968749999998
0 0.1829765625 0.7955859375000001 0.060804687499999996 0.06539062500000001
0 0.5254218749999999 0.8494999999999999 0.089484375 0.16175781250000001
0 0.5162421875 0.51853125 0.0940703125 0.18584375
0 0.5231250000000001 0.20707031250000002 0.0803046875 0.1273359375
1 0.47781250000000003 0.11185156249999999 0.0470390625 0.051625
1 0.491 0.0562109375 0.045890625000000004 0.034414062499999995
1 0.48813281249999996 0.017210937500000002 0.033265625 0.032125
1 0.5632734375 0.0206484375 0.041296875 0.032125
1 0.26672656250000004 0.117015625 0.035562500000000004 0.034414062499999995
1 0.1927265625 0.0935 0.057359375000000004 0.06539062500000001
1 0.24033593749999999 0.2839296875 0.0470390625 0.0585078125
1 0.17092968749999998 0.3160546875 0.034414062499999995 0.033265625
1 0.1594609375 0.364234375 0.0206484375 0.0309765625
1 0.263859375 0.3200703125 0.032125 0.04359375
1 0.23230468750000002 0.40209374999999997 0.026382812500000002 0.0998046875
1 0.19330468750000002 0.40209374999999997 0.028679687500000002 0.028679687500000002
1 0.203625 0.35678125 0.02409375 0.032125
1 0.1692109375 0.62178125 0.028679687500000002 0.04359375
1 0.184125 0.6659531249999999 0.037859375 0.0447421875
1 0.22198437499999998 0.7003671875 0.0447421875 0.090625
1 0.1692109375 0.7342109375 0.0309765625 0.0206484375
1 0.2386171875 0.8827734375 0.032125 0.0424453125
1 0.2133828125 0.9395546875 0.045890625000000004 0.02753125
1 0.21223437500000003 0.9797109374999999 0.0871875 0.034414062499999995
1 0.1950234375 0.8529453124999999 0.029828125 0.033265625
1 0.23058593749999998 0.81853125 0.022945312500000002 0.0309765625
1 0.4720703125 0.9275156250000001 0.028679687500000002 0.053921874999999994
1 0.5672890625 0.9663359375 0.06539062500000001 0.067328125
1 0.5839218749999999 0.7898515625 0.032125 0.076859375
1 0.5890859374999999 0.6934843749999999 0.0424453125 0.06309375
1 0.560984375 0.7365 0.032125 0.034414062499999995
1 0.5454921875000001 0.6797187499999999 0.035562500000000004 0.060804687499999996
1 0.5713046875 0.6395625 0.04359375 0.037859375
1 0.46060156250000006 0.6252265625 0.0447421875 0.1193125
1 0.598265625 0.49329687499999997 0.051625 0.0642421875
1 0.46060156250000006 0.4720703125 0.037859375 0.053921874999999994
1 0.48813281249999996 0.44396874999999997 0.02409375 0.0527734375
1 0.55696875 0.3929140625 0.0860390625 0.06309375
1 0.572453125 0.351046875 0.025242187500000002 0.025242187500000002
1 0.51509375 0.3372734375 0.045890625000000004 0.034414062499999995
1 0.5552421875 0.138234375 0.0780078125 0.0745703125
1 0.5776171875 0.20707031250000002 0.0424453125 0.0447421875
1 0.4686328125 0.24721875 0.033265625 0.0837421875
1 0.2271484375 0.0424453125 0.057359375000000004 0.0688359375