0 0.24830468749999998 0.11371875000000001 0.0919296875 0.1430625
0 0.637046875 0.052414062500000004 0.062765625 0.0829609375
0 0.2557265625 0.5115937500000001 0.10677343749999998 0.16928125
0 0.6141953124999999 0.3647734375 0.0522265625 0.1100078125
0 0.21315625 0.8244609374999999 0.1075546875 0.173921875
0 0.578265625 0.796453125 0.0350390625 0.10814062499999999
0 0.9762734375000001 0.7430546875 0.0474609375 0.093140625
1 0.6191718749999999 0.617484375 0.16568750000000002 0.2521484375
1 0.5421328125 0.74021875 0.037 0.0894296875
1 0.63596875 0.7946640625 0.0742890625 0.12996093749999998
1 0.5993515625 0.92490625 0.13190625 0.1501953125
1 0.5424296875 0.8396874999999999 0.0395390625 0.030546875
1 0.6454453124999999 0.4540390625 0.05221875 0.07566406249999999
1 0.6595078125 0.37701562499999997 0.025656250000000002 0.0876171875
1 0.6404609375 0.20792187499999998 0.094984375 0.23577343750000002
1 0.706671875 0.16304687499999998 0.028187499999999997 0.028828125
1 0.5793359375 0.13034375 0.0235234375 0.02396875
1 0.590765625 0.0676015625 0.0209765625 0.0410625
1 0.59271875 0.010515625 0.032695312500000004 0.02103125
1 0.576796875 0.037851562500000005 0.0145390625 0.030390624999999998
1 0.63509375 0.00621875 0.043234375000000005 0.0124453125
1 0.6944609374999999 0.0458515625 0.0447890625 0.08153906250000001
1 0.163453125 0.9575781250000001 0.072609375 0.061250000000000006
1 0.2650078125 0.9365937499999999 0.017906250000000002 0.032953125
1 0.12791406249999998 0.9927343750000001 0.0171484375 0.0143671875
1 0.1899140625 0.9934140625 0.0181171875 0.009875
1 0.161890625 0.6938828125 0.046046875 0.07488281249999999
1 0.21100781249999997 0.6927187499999999 0.044671875 0.049109375
1 0.2767265625 0.6716328125000001 0.017906250000000002 0.030375000000000003
1 0.1693125 0.6032890625 0.045265625 0.0655625
1 0.1965546875 0.733140625 0.0313984375 0.0322890625
1 0.23025 0.9825781250000001 0.0108828125 0.0331171875
1 0.1764375 0.44309374999999995 0.0653828125 0.13189843750000002
1 0.2908828125 0.43852343749999995 0.020835937500000002 0.027046874999999998
1 0.1265390625 0.2543203125 0.0730078125 0.057085937499999996
1 0.176734375 0.27999999999999997 0.028859375 0.055703125
1 0.09666406250000001 0.34696875 0.02496875 0.068546875
1 0.1899140625 0.20921875 0.0259296875 0.0723359375
1 0.18074218749999998 0.1335625 0.019289062500000002 0.028453125000000003
1 0.0595546875 0.329796875 0.0366875 0.0185703125
1 0.20788281249999999 0.27023437499999997 0.038421875 0.0439921875
1 0.244109375 0.3046953125 0.0190859375 0.079703125
1 0.214625 0.3504921875 0.0265078125 0.02090625
1 0.1499765625 0.3330078125 0.033945312500000005 0.069921875
1 0.29928125 0.25793750000000004 0.04153125 0.0623515625
1 0.3032890625 0.31528125 0.0163359375 0.040328125
1 0.31344531249999996 0.142328125 0.0288359375 0.15145312500000002
1 0.187765625 0.012859375000000001 0.0333515625 0.025718750000000002
1 0.2540703125 0.021453125 0.011664062499999999 0.0210234375
1 0.246359375 0.3965703125 0.01771875 0.0193125
1 0.2904921875 0.377171875 0.0278671875 0.058640625
1 0.9776328124999999 0.952734375 0.0447265625 0.09453125
1 0.9815390624999999 0.07816406249999999 0.0369140625 0.0543828125
0 0.9659140624999999 0.1921875 0.0681640625 0.0949296875
0 0.9732421875 0.3512578125 0.053515625 0.108375
1 0.960359375 0.42944531250000006 0.047281250000000004 0.03428125
1 0.9873984374999999 0.46136718749999994 0.0251953125 0.0531953125
1 0.949421875 0.502375 0.0410390625 0.0336484375
1 0.9873125 0.505109375 0.0230625 0.0313046875
1 0.9450312500000001 0.52921875 0.026390625 0.0189921875
1 0.9842812500000001 0.58821875 0.030679687500000004 0.053000000000000005
1 0.950109375 0.5910546875 0.036546875 0.025468750000000002
1 0.9719843750000001 0.649921875 0.0256015625 0.04359375
1 0.9534296875000001 0.6673984374999999 0.01584375 0.0258125