0 0.3404453125 0.098234375 0.0425078125 0.100546875
0 0.3421953125 0.40342968749999997 0.067078125 0.0902734375
0 0.34461718750000003 0.9436328125 0.048859375 0.1048359375
0 0.083484375 0.9083828125 0.0269296875 0.0483671875
0 0.0862421875 0.64434375 0.0214140625 0.0416875
0 0.5714921875 0.062703125 0.040375 0.087640625
0 0.5750859375 0.2851328125 0.030515625 0.060226562500000004
0 0.57859375 0.7491171875 0.0395390625 0.092796875
0 0.5855312500000001 0.9622343750000001 0.06443750000000001 0.0755234375
0 0.8271953125 0.9902265625 0.018351562499999998 0.019546875
0 0.860953125 0.992234375 0.0216953125 0.01553125
0 0.8296250000000001 0.7610859375000001 0.0643125 0.0816484375
0 0.8274531250000001 0.45025000000000004 0.065984375 0.1016875
0 0.810734375 0.1769296875 0.0566171875 0.055398437499999995
1 0.309359375 0.187640625 0.024453125 0.0748046875
1 0.338921875 0.164109375 0.018312500000000002 0.028398437500000002
1 0.33006250000000004 0.18965625 0.0329140625 0.0367421875
1 0.35690625 0.22328125000000001 0.0239140625 0.050812500000000003
1 0.3108984375 0.260296875 0.0305625 0.058109375
1 0.34375 0.276453125 0.054031249999999996 0.10398437499999999
1 0.3484375 0.34943749999999996 0.02275 0.0362109375
1 0.319375 0.5141796875 0.0448984375 0.050812500000000003
1 0.37307812500000004 0.485640625 0.0407421875 0.059414062499999996
1 0.3397109375 0.47729687500000006 0.044906249999999995 0.0416875
1 0.353 0.6626328125 0.062109375 0.1339609375
1 0.3195 0.7104609375 0.024304687499999998 0.0304765625
1 0.3413984375 0.77028125 0.0462109375 0.0656640625
1 0.3683828125 0.7585546875 0.021828125 0.029695312499999998
1 0.3088125 0.788921875 0.01753125 0.0393359375
1 0.36042968750000004 0.8460078125000001 0.026921875 0.0408984375
1 0.0433046875 0.9230390625 0.0307734375 0.057328124999999994
1 0.139890625 0.5728359375000001 0.020624999999999998 0.036734375
1 0.061679687500000004 0.3971484375 0.017484375 0.03465625
1 0.089578125 0.3355 0.024265625 0.0312734375
1 0.0738046875 0.567359375 0.035476562499999996 0.032046875
1 0.0520390625 0.800265625 0.0367734375 0.046375
1 0.5353515625 0.0113671875 0.02121875 0.021109375
1 0.5717187499999999 0.0082265625 0.05307031250000001 0.0164453125
1 0.575109375 0.1646328125 0.037125000000000005 0.11181250000000001
1 0.563765625 0.3396640625 0.026960937499999997 0.0354296875
1 0.59621875 0.37225 0.0332578125 0.12040625
1 0.5361328125 0.37303125000000004 0.016523437499999998 0.021875
1 0.5688515625 0.4057421875 0.021484375 0.0862578125
1 0.5490390625 0.4516171875 0.0173125 0.02265625
1 0.5986953125000001 0.45005468750000005 0.0428984375 0.041421875000000004
1 0.5904921875 0.560453125 0.0814453125 0.07974218749999999
1 0.6061328125000001 0.4961953125 0.0595546875 0.050296875
1 0.5846250000000001 0.6568984375 0.0697109375 0.1058125
1 0.588921875 0.8749453125000001 0.031171874999999998 0.0914765625
1 0.55946875 0.854875 0.018351562499999998 0.04090625
1 0.5642890625 0.906875 0.013398437499999999 0.026046875000000004
1 0.571328125 0.8095156250000001 0.0243515625 0.019015625
1 0.8062109375000001 0.9899374999999999 0.023875 0.020125
1 0.8036015624999999 0.9631796874999999 0.032210937499999995 0.0323046875
1 0.8085546875 0.9062265625 0.037953125 0.08835156250000001
1 0.84453125 0.913265625 0.030867187499999997 0.052375000000000005
1 0.8343671875 0.8482265625000001 0.0457734375 0.052640624999999996
1 0.798 0.3785078125 0.0387265625 0.0651484375
1 0.8214609375 0.366125 0.035609375 0.0946015625
1 0.7781875 0.0834375 0.018914062500000002 0.04846875
1 0.8008671875 0.0986875 0.0170546875 0.0508203125
1 0.7723203125 0.1315234375 0.04471875 0.028921875000000003
1 0.7899140625000001 0.0332578125 0.054890625000000005 0.06593750000000001
1 0.797734375 0.2820625 0.023609375 0.0265703125
1 0.8058203125000001 0.23318750000000002 0.05437499999999999 0.050812500000000003
1 0.8196328125000001 0.1413046875 0.0236171875 0.0203203125
1 0.82315625 0.09321093750000001 0.018140625 0.0367421875
1 0.8234140625 0.034953125 0.0293046875 0.064109375
1 0.06364062499999999 0.031953125 0.03390625 0.060203125
1 0.08475 0.0916484375 0.02609375 0.0565546875
1 0.06493750000000001 0.44849218750000003 0.0344296875 0.032046875
1 0.1325859375 0.43364062499999995 0.013328125 0.027359375000000002