0 0.11101562499999999 0.0949921875 0.0914296875 0.13773437500000002
0 0.1044921875 0.45357812500000005 0.0664921875 0.109234375
0 0.399546875 0.3746171875 0.11517187499999999 0.1959140625
0 0.404890625 0.0433359375 0.0712421875 0.0866796875
0 0.7676328125 0.0516484375 0.07717968750000001 0.1009296875
0 0.7676328125 0.37996093750000004 0.0700546875 0.0997421875
0 0.39539843750000003 0.7438906249999999 0.0902421875 0.179296875
1 0.130609375 0.1852265625 0.0379921875 0.0664921875
1 0.14129687500000002 0.2463828125 0.0474921875 0.0368046875
1 0.143078125 0.3283046875 0.043929687499999995 0.11279687499999999
1 0.0872734375 0.30396875 0.0534296875 0.059367187499999995
1 0.10211718750000001 0.3775859375 0.0712421875 0.0712421875
1 0.07717968750000001 0.56103125 0.0831171875 0.11279687499999999
1 0.153171875 0.599625 0.030875000000000003 0.02375
1 0.130609375 0.6227734375 0.0522421875 0.0391796875
1 0.07421093749999999 0.6287109375 0.0676796875 0.0581796875
1 0.058773437500000004 0.717171875 0.043929687499999995 0.035625000000000004
1 0.12051562499999999 0.699359375 0.0629296875 0.11160937500000001
1 0.08252343749999999 0.758140625 0.0296875 0.0249375
1 0.07064843750000001 0.8192890625 0.0201875 0.019
1 0.121703125 0.84896875 0.0605546875 0.135359375
1 0.10389843750000001 0.9696015625 0.0819296875 0.060789062500000005
1 0.157921875 0.9308984375 0.030875000000000003 0.035625000000000004
1 0.3900546875 0.9523906249999999 0.0368046875 0.0952265625
1 0.41379687499999995 0.9160546875 0.0249375 0.046304687500000004
1 0.43814062500000006 0.88578125 0.0498671875 0.0926171875
1 0.458328125 0.741515625 0.0522421875 0.1935390625
1 0.404890625 0.5841875 0.0403671875 0.06411718749999999
1 0.439328125 0.5271953125 0.0427421875 0.0379921875
1 0.3959921875 0.5432187500000001 0.0273125 0.0391796875
1 0.41379687499999995 0.6483046875 0.043929687499999995 0.030875000000000003
1 0.451796875 0.613875 0.0320625 0.06886718750000001
1 0.436359375 0.312875 0.0273125 0.0605546875
1 0.45714062499999997 0.2469765625 0.03325 0.0403671875
1 0.454171875 0.1864140625 0.0249375 0.0403671875
1 0.447046875 0.0985546875 0.0368046875 0.08074218749999999
1 0.40073437500000003 0.17870312500000002 0.0225625 0.0273125
1 0.428640625 0.19175781249999999 0.014249999999999999 0.0296875
1 0.708265625 0.958921875 0.0249375 0.0821640625
1 0.448828125 0.975 0.019 0.0474921875
1 0.7142031249999999 0.8800078125 0.0415546875 0.030875000000000003
1 0.751015625 0.9477265625 0.055804687500000005 0.10455468750000001
1 0.8044453125000001 0.8770390625 0.015437500000000002 0.0249375
1 0.8252265624999999 0.95540625 0.021374999999999998 0.0320625
1 0.8014765625000001 0.97915625 0.030875000000000003 0.0368046875
1 0.7937578125 0.9191953125 0.034437499999999996 0.0474921875
1 0.7652578125 0.865171875 0.0249375 0.017812500000000002
1 0.7753515625 0.825390625 0.02375 0.03325
1 0.711234375 0.6306640625 0.030875000000000003 0.035625000000000004
1 0.718359375 0.551703125 0.0474921875 0.0890546875
1 0.745078125 0.6075078125 0.0273125 0.0415546875
1 0.722515625 0.70071875 0.0700546875 0.116359375
1 0.743296875 0.8034218750000001 0.021374999999999998 0.043929687499999995
1 0.715984375 0.8046093750000001 0.030875000000000003 0.0748046875
1 0.8192890625 0.65915625 0.0736171875 0.2279765625
1 0.7985078125 0.48461718749999994 0.0391796875 0.0664921875
1 0.704703125 0.41396875 0.051054687499999994 0.110421875
1 0.739734375 0.4822421875 0.0546171875 0.0736171875
1 0.8002890624999999 0.4353359375 0.028499999999999998 0.0415546875
1 0.7153906250000001 0.2155078125 0.0581796875 0.11517187499999999
1 0.718359375 0.3294921875 0.0403671875 0.0819296875
1 0.7996953125 0.27309375 0.051054687499999994 0.11160937500000001
1 0.86915625 0.30634375 0.016625 0.030875000000000003
1 0.7599140625 0.26775000000000004 0.019 0.0368046875
1 0.712421875 0.01959375 0.030875000000000003 0.0320625
1 0.8121640625 0.0368046875 0.026125 0.0522421875
1 0.7818828124999999 0.160296875 0.0273125 0.030875000000000003
1 0.7723828125 0.7153906250000001 0.0534296875 0.0629296875