0 0.353125 0.10703125 0.1 0.1296875
0 0.0734375 0.178125 0.075 0.103125
0 0.0921875 0.4265625 0.05625 0.1
0 0.3484375 0.36015625 0.10625 0.1609375
0 0.65078125 0.30625 0.1296875 0.175
0 0.9546875 0.21875 0.090625 0.134375
0 0.36796875 0.70625 0.1171875 0.1625
0 0.085640625 0.7192968750000001 0.068359375 0.0971015625
0 0.65625 0.675 0.11875 0.1875
0 0.37578125 0.946875 0.1078125 0.10625
0 0.678125 0.95078125 0.1 0.0984375
0 0.96875 0.88828125 0.0625 0.1328125
1 0.0474765625 0.03303125 0.0949609375 0.0640625
1 0.05078125 0.10078125 0.0890625 0.0421875
1 0.0171875 0.1417421875 0.024234375 0.040015625
1 0.036351562500000004 0.27502343749999997 0.042265625 0.16005468750000001
1 0.08059374999999999 0.2975703125 0.039453125 0.05071875
1 0.06791406250000001 0.3403984375 0.017468749999999998 0.0202890625
1 0.18062499999999998 0.37675000000000003 0.024234375 0.023109374999999998
1 0.17809375 0.41028125 0.019164062500000002 0.019164062500000002
1 0.23021875 0.39309375 0.01521875 0.0197265625
1 0.030429687500000004 0.382953125 0.022546875 0.017468749999999998
1 0.04903125 0.4105625 0.022546875 0.0287421875
1 0.04903125 0.45339843750000003 0.0270546875 0.026484374999999998
1 0.065375 0.50721875 0.0788984375 0.0710078125
1 0.06340625 0.5855546875 0.021976562499999998 0.025921875
1 0.0870703125 0.6083828125 0.0186015625 0.034375
1 0.0704453125 0.6357109375000001 0.019164062500000002 0.0202890625
1 0.09778125 0.6503671875 0.0208515625 0.0349453125
1 0.03325 0.6416328124999999 0.019164062500000002 0.0129609375
1 0.08199999999999999 0.8849218750000001 0.096375 0.23015625
1 0.3725234375 0.8422812499999999 0.1251171875 0.105390625
1 0.48580468750000005 0.8442578125000001 0.0371953125 0.0665
1 0.5353984374999999 0.8391796875 0.0371953125 0.043960937500000005
1 0.52159375 0.8769453125 0.0197265625 0.01690625
1 0.5441328125 0.9031484375 0.01634375 0.01634375
1 0.5779453125 0.90821875 0.017468749999999998 0.021976562499999998
1 0.5103203125 0.9166718749999999 0.01634375 0.025359375
1 0.55653125 0.9332968749999999 0.01634375 0.025921875
1 0.5201796875 0.9750078125 0.023671875000000002 0.0281796875
1 0.55596875 0.9750078125 0.0129609375 0.0315625
1 0.6066874999999999 0.9645781250000001 0.040015625 0.06819531250000001
1 0.6238828125 0.8572031250000001 0.090171875 0.051851562500000004
1 0.6083828125 0.794078125 0.08171874999999999 0.072140625
1 0.5182109374999999 0.6898203125 0.017468749999999998 0.019164062500000002
1 0.44382031250000004 0.742234375 0.01521875 0.024796875
1 0.4928515625 0.7306796875 0.024234375 0.009578125
1 0.4928515625 0.7721015625 0.0186015625 0.0202890625
1 0.5610390625 0.728421875 0.0287421875 0.0366328125
1 0.7061640625 0.777453125 0.04846875 0.09975
1 0.7171484375 0.7165859375 0.0276171875 0.026484374999999998
1 0.70165625 0.865375 0.057484375 0.0794609375
1 0.7537812500000001 0.9682265624999999 0.023109374999999998 0.0326875
1 0.7199687499999999 0.95046875 0.021976562499999998 0.073828125
1 0.7103906249999999 0.9925625 0.0287421875 0.0148671875
1 0.7089765625 0.63628125 0.0281796875 0.090171875
1 0.6489609375 0.4877734375 0.1369453125 0.186546875
1 0.5376562500000001 0.49087500000000006 0.0293046875 0.042828125
1 0.5213125 0.5545625000000001 0.0326875 0.056359375
1 0.5032734375000001 0.3125 0.039453125 0.074953125
1 0.5585078125 0.30996875 0.0214140625 0.0202890625
1 0.5277890625 0.2668515625 0.0287421875 0.031
1 0.47453124999999996 0.3725234375 0.030429687500000004 0.041703125
1 0.4798828125 0.22458593750000003 0.025359375 0.0366328125
1 0.4711484375 0.074390625 0.023671875000000002 0.022546875
1 0.41084375 0.19922656249999998 0.0293046875 0.0276171875
1 0.34378125000000004 0.22655468750000002 0.08003125 0.10482812500000001
1 0.415640625 0.12342187499999999 0.025359375 0.0349453125
1 0.5283515624999999 0.1175078125 0.0208515625 0.032125
1 0.508625 0.187953125 0.021976562499999998 0.01521875
1 0.5182109374999999 0.0611484375 0.0456484375 0.040015625
1 0.5641406250000001 0.1008828125 0.0326875 0.025921875
1 0.6585390624999999 0.1096171875 0.156109375 0.2158515625
1 0.6013359375 0.220359375 0.0541015625 0.047343750000000004
1 0.9511406250000001 0.039171875 0.0977109375 0.0783359375
1 0.9449453125 0.11158593750000001 0.110109375 0.075515625
1 0.9045390624999999 0.1665390625 0.058609375 0.061429687499999996
1 0.91665625 0.2719296875 0.0535390625 0.04903125
1 0.9817500000000001 0.26403906250000003 0.025921875 0.029867187499999996
1 0.9468125000000001 0.552296875 0.1036953125 0.5308828125
1 0.9445546874999999 0.8363515625 0.030429687500000004 0.0293046875
1 0.78534375 0.547234375 0.011835937500000001 0.01690625
1 0.7413828125 0.37703125000000004 0.01521875 0.0112734375
1 0.83240625 0.171609375 0.0202890625 0.01634375
1 0.32534375 0.471375 0.0197109375 0.045679687499999996
1 0.3770078125 0.46471093750000003 0.0083984375 0.015859375000000002
1 0.346234375 0.4917890625 0.010296875 0.0137421875
1 0.379125 0.5218203124999999 0.0397109375 0.05646875
1 0.34850781249999996 0.534671875 0.0197109375 0.07455468750000001
1 0.332796875 0.5948984375 0.0238359375 0.0270625
1 0.3743125 0.6043125 0.051234375 0.0615390625
1 0.3558203125 0.0218203125 0.0738984375 0.043640625