0 0.2392265625 0.09171875 0.07571875 0.1381171875
0 0.5110781249999999 0.06789843749999999 0.088171875 0.1357890625
0 0.208953125 0.397484375 0.09721093750000001 0.14809375
0 0.8157421875 0.24469531249999998 0.0959375 0.1491640625
0 0.8005078125 0.5512890625 0.10453125 0.1666328125
0 0.45571093749999997 0.673109375 0.0770546875 0.1619140625
0 0.1784921875 0.660515625 0.0831484375 0.1340078125
0 0.776875 0.81721875 0.0846171875 0.169203125
1 0.25387499999999996 0.0143046875 0.046421875 0.028609375
1 0.182984375 0.2200078125 0.033546875 0.02165625
1 0.175171875 0.1567421875 0.017921875 0.027937499999999997
1 0.21842968749999997 0.1481484375 0.028265625 0.026382812500000002
1 0.2571015625 0.246453125 0.0352890625 0.0765
1 0.21032812500000003 0.21033593750000001 0.0179140625 0.0316171875
1 0.2214609375 0.263453125 0.0206484375 0.0284609375
1 0.19753125 0.3159765625 0.013820312500000001 0.0280390625
1 0.23893749999999997 0.33490625 0.0263125 0.062
1 0.3491796875 0.24400781249999998 0.08078125 0.1360546875
1 0.30172656249999996 0.29771875 0.0210234375 0.0286328125
1 0.43940625000000005 0.0377265625 0.058109375 0.075453125
1 0.399765625 0.027000000000000003 0.0217890625 0.020398437499999998
1 0.3179296875 0.48278125000000005 0.10421875 0.15616406249999998
1 0.36734374999999997 0.6411015625 0.0975703125 0.1607109375
1 0.4263203125 0.49309375 0.11396875 0.161578125
1 0.50434375 0.5528593749999999 0.045406249999999995 0.054546874999999995
1 0.5616640625 0.41534375 0.0994921875 0.1994375
1 0.46801562499999994 0.34428125 0.0586953125 0.1354296875
1 0.5200625 0.291375 0.0202109375 0.0491640625
1 0.5410625 0.20187499999999997 0.0328984375 0.06937499999999999
1 0.53803125 0.1252421875 0.017078125 0.03525
1 0.49125781249999995 0.1593125 0.038765625 0.031132812500000002
1 0.49203906249999996 0.10903906249999999 0.024703125 0.0379921875
1 0.651203125 0.085109375 0.0813125 0.10146875
1 0.6666328125 0.16595312499999998 0.030148437500000003 0.04440625
1 0.702859375 0.1598984375 0.0264296875 0.0362109375
1 0.648859375 0.188796875 0.0156953125 0.031507812499999996
1 0.6412421875 0.2848984375 0.0653046875 0.0693984375
1 0.5484843749999999 0.28225781250000004 0.0399296875 0.069984375
1 0.5051249999999999 0.20338281249999998 0.01571875 0.037234375
1 0.47553906250000005 0.232171875 0.06396093750000001 0.0811484375
1 0.5915468749999999 0.5619375 0.0381640625 0.0473203125
1 0.611953125 0.6185625 0.022343750000000002 0.0355703125
1 0.6434921874999999 0.5981640625 0.024875 0.027968749999999997
1 0.58021875 0.6190546875 0.035828125 0.042398437500000004
1 0.13103125 0.8169765625000001 0.0624609375 0.0827734375
1 0.1232265625 0.8975156249999999 0.0233984375 0.062226562500000006
1 0.16853125 0.8928359374999999 0.020265625000000002 0.037234375
1 0.21775000000000003 0.9181250000000001 0.0327578125 0.0428828125
1 0.21832812499999998 0.9703125 0.06127343750000001 0.059375
1 0.299375 0.9341796875 0.0944609375 0.131640625
1 0.30796875 0.8002734374999999 0.11164062500000001 0.1489765625
1 0.43520312499999997 0.8676171874999999 0.14150000000000001 0.2407109375
1 0.36334374999999997 0.969828125 0.0290234375 0.0603515625
1 0.23063281249999998 0.7671875 0.0272890625 0.0339921875
1 0.71340625 0.8665703125 0.0397109375 0.07259375
1 0.629234375 0.76875 0.031515625000000005 0.044921875
1 0.5709375 0.79775 0.026257812499999998 0.0384609375
1 0.600140625 0.8069296874999999 0.0162890625 0.0216640625
1 0.65775 0.8380703125 0.018234375 0.02340625
1 0.61634375 0.8822890624999999 0.029179687500000002 0.0473984375
1 0.9489375000000001 0.19621875 0.0576328125 0.0541484375
1 0.93253125 0.1360859375 0.024828125 0.0198203125
1 0.9087031250000001 0.175328125 0.016242187499999998 0.02409375
0 0.8467968750000001 0.030179687500000003 0.08382031250000001 0.0603515625
1 0.301625 0.691234375 0.030593749999999996 0.034421875000000005
1 0.22067968750000003 0.8685625 0.0190859375 0.0238515625
1 0.20007031249999999 0.827953125 0.0149921875 0.020749999999999998
1 0.186796875 0.7840234374999999 0.0118671875 0.0149140625
1 0.265109375 0.6272578125 0.0239609375 0.01975
1 0.23132031249999999 0.5823437499999999 0.014984375 0.023679687499999998
1 0.586171875 0.71209375 0.017656250000000002 0.0468359375
1 0.6203515625 0.6828046875 0.011796875 0.019523437499999997
1 0.58490625 0.665328125 0.0170703125 0.029484375
1 0.8810703125 0.5581328125 0.052765625000000003 0.0689921875
1 0.845140625 0.5751171875 0.012148437500000001 0.0521875
1 0.8950312500000001 0.7505 0.020148437499999998 0.01428125
1 0.8241406250000001 0.9701562499999999 0.015078125000000001 0.0278203125
1 0.6864609374999999 0.7889609375 0.0170546875 0.040421875