0 0.15425781249999998 0.14056249999999998 0.10601562499999999 0.1643828125
0 0.536625 0.13103125 0.08695312499999999 0.1429453125
0 0.162 0.47646875 0.10006250000000001 0.188203125
0 0.54496875 0.49791406250000003 0.08933593749999999 0.1691484375
0 0.18165625000000002 0.793921875 0.08933593749999999 0.17271875
0 0.5515156250000001 0.7986875 0.09053125 0.1346015625
1 0.15128124999999998 0.0190625 0.0405 0.0381171875
1 0.1858203125 0.04109375 0.028585937500000002 0.0536015625
1 0.2013125 0.11078125000000001 0.026203125 0.050031250000000006
1 0.147703125 0.30851562499999996 0.026203125 0.045265625
1 0.207859375 0.3162578125 0.025015625000000003 0.034546875
1 0.22215625 0.3710546875 0.0321640625 0.0321640625
1 0.23049218749999997 0.41333593750000003 0.05121875 0.0405
1 0.22275 0.500296875 0.035734375 0.066703125
1 0.197140625 0.5640234375000001 0.0321640625 0.0369296875
1 0.17271875 0.6003515625 0.0333515625 0.0428828125
1 0.187609375 0.6593203125 0.0369296875 0.0273984375
1 0.216796875 0.7158984375 0.035734375 0.0428828125
1 0.22334375 0.8588437499999999 0.0393125 0.095296875
1 0.2507421875 0.793921875 0.0321640625 0.0369296875
1 0.24002343750000002 0.9469921875 0.0369296875 0.052414062500000004
1 0.1899921875 0.9606875 0.046453125 0.06789843749999999
1 0.4842109375 0.046453125 0.0536015625 0.0571796875
1 0.5032734375000001 0.0119140625 0.02978125 0.0238203125
1 0.5741484375 0.013695312500000001 0.0333515625 0.0273984375
1 0.5646171875 0.050031250000000006 0.0476484375 0.035734375
1 0.5872499999999999 0.1149453125 0.045265625 0.060750000000000005
1 0.4723046875 0.1101875 0.0440703125 0.058367187499999994
1 0.5479453125 0.237640625 0.054796875 0.060750000000000005
1 0.4836171875 0.27218749999999997 0.054796875 0.08695312499999999
1 0.58784375 0.28885937500000003 0.0440703125 0.0726640625
1 0.5759375 0.3519921875 0.0393125 0.0416875
1 0.6134609375 0.4038125 0.0333515625 0.0476484375
1 0.5848671875 0.4008359375 0.035734375 0.06789843749999999
1 0.510421875 0.350203125 0.0369296875 0.045265625
1 0.4836171875 0.3960703125 0.0381171875 0.075046875
1 0.541390625 0.3674765625 0.0369296875 0.10124999999999999
1 0.531265625 0.29600781249999997 0.0428828125 0.0631328125
1 0.4818359375 0.496125 0.0416875 0.1131640625
1 0.6110781249999999 0.4883828125 0.050031250000000006 0.12150000000000001
1 0.631328125 0.6098828125 0.0381171875 0.066703125
1 0.6444296875 0.6849296875 0.0381171875 0.0405
1 0.4949375 0.658125 0.0369296875 0.14651562499999998
1 0.5455625000000001 0.6891015625 0.028585937500000002 0.034546875
1 0.5396015625 0.631921875 0.026203125 0.046453125
1 0.572359375 0.6402578125 0.025015625000000003 0.02978125
1 0.5396015625 0.7301953125 0.0333515625 0.035734375
1 0.5092265625 0.7558046875 0.0321640625 0.02978125
1 0.602734375 0.7355546875 0.045265625 0.1250703125
1 0.6110781249999999 0.8308515625 0.0381171875 0.0774296875
1 0.6092890625 0.6551484375000001 0.0369296875 0.0738515625
1 0.5080390625 0.9532421875000001 0.058367187499999994 0.093515625
1 0.6057187500000001 0.9764687500000001 0.048835937499999996 0.0470546875
1 0.581890625 0.9023203125 0.0226328125 0.02978125
1 0.24419531249999998 0.10482031249999998 0.03096875 0.0333515625