0 0.8252265624999999 0.172171875 0.0997421875 0.163859375
0 0.3372109375 0.5889375 0.13773437500000002 0.23747656250000002
0 0.28971874999999997 0.906671875 0.12823437499999998 0.1866484375
0 0.736765625 0.9090468749999999 0.143671875 0.1818984375
0 0.7717890625 0.556875 0.12823437499999998 0.2137265625
1 0.050460937500000004 0.7812890625 0.0534296875 0.0664921875
1 0.141890625 0.6198046875000001 0.0700546875 0.0712421875
1 0.0664921875 0.6791796875 0.0403671875 0.061742187500000004
1 0.24460156249999998 0.6281171875 0.0403671875 0.035625000000000004
1 0.23035156250000002 0.686296875 0.028499999999999998 0.0427421875
1 0.27190625 0.6797734375 0.0379921875 0.1080546875
1 0.2808125 0.7806953125 0.034437499999999996 0.0486796875
1 0.3769921875 0.8353125 0.0320625 0.0486796875
1 0.4820703125 0.757546875 0.028499999999999998 0.0403671875
1 0.8216640625 0.8228515625 0.026125 0.0427421875
1 0.8270078125 0.707078125 0.046304687500000004 0.051054687499999994
1 0.733203125 0.7064843749999999 0.0415546875 0.019
1 0.5081953125 0.5260078125 0.0427421875 0.0949921875
1 0.3116875 0.3692734375 0.0415546875 0.0569921875
1 0.458328125 0.3817421875 0.0379921875 0.055804687500000005
1 0.419140625 0.3265234375 0.0474921875 0.175734375
1 0.127046875 0.35383593750000003 0.0569921875 0.0736171875
1 0.14485937499999998 0.2487578125 0.028499999999999998 0.119921875
1 0.0878671875 0.447046875 0.0451171875 0.046304687500000004
1 0.0528359375 0.427453125 0.0320625 0.0522421875
1 0.24222656250000002 0.547375 0.0427421875 0.03325
0 0.3562109375 0.27428125 0.0569921875 0.125859375
1 0.30159375 0.28318750000000004 0.0474921875 0.051054687499999994
1 0.3021875 0.1870078125 0.0748046875 0.11517187499999999
1 0.6055625 0.155546875 0.0973671875 0.168609375
1 0.29862500000000003 0.014249999999999999 0.155546875 0.028499999999999998
1 0.32475 0.06886718750000001 0.122296875 0.06411718749999999
1 0.40904687500000003 0.0528359375 0.0534296875 0.0985546875
1 0.4856328125 0.0777734375 0.0736171875 0.155546875
1 0.35264843749999997 0.139515625 0.168609375 0.12467187500000002
1 0.4933515625 0.2356953125 0.0914296875 0.0676796875
1 0.5147265625 0.1834453125 0.0486796875 0.0296875
1 0.141890625 0.15732812499999999 0.055804687500000005 0.043929687499999995
1 0.7599140625 0.427453125 0.0427421875 0.0522421875
1 0.8804375 0.6091249999999999 0.043929687499999995 0.0474921875
1 0.1828515625 0.9303046875 0.03325 0.0534296875