0 0.174546875 0.0736171875 0.0878671875 0.0973671875
0 0.134765625 0.30159375 0.07717968750000001 0.147234375
0 0.12051562499999999 0.4868203125 0.0843046875 0.13773437500000002
0 0.0837109375 0.7219218749999999 0.1009296875 0.156734375
0 0.05402343750000001 0.932203125 0.0866796875 0.13559375
0 0.32296874999999997 0.932203125 0.06411718749999999 0.13559375
0 0.3425546875 0.7320156250000001 0.07717968750000001 0.12467187500000002
0 0.3835234375 0.46782812500000004 0.08074218749999999 0.159109375
0 0.40667187499999996 0.27784375 0.0748046875 0.135359375
0 0.420328125 0.05402343750000001 0.061742187500000004 0.10330468749999999
0 0.708265625 0.135953125 0.055804687500000005 0.10330468749999999
0 0.6684921875 0.3710546875 0.0569921875 0.0938046875
0 0.6619609375 0.5865625 0.046304687500000004 0.0878671875
0 0.6227734375 0.8222578125 0.0581796875 0.0938046875
0 0.85728125 0.9316093750000001 0.0926171875 0.13678125000000002
0 0.87865625 0.6269296875 0.08074218749999999 0.147234375
0 0.9148671875 0.420328125 0.0700546875 0.11160937500000001
0 0.9273359375 0.15435937500000002 0.0451171875 0.0783671875
1 0.22263281250000003 0.32296874999999997 0.0581796875 0.0712421875
1 0.27190625 0.0676796875 0.0712421875 0.135359375
1 0.12467187500000002 0.9202109374999999 0.0474921875 0.113984375
1 0.1816640625 0.8911250000000001 0.061742187500000004 0.12467187500000002
1 0.6079375 0.935171875 0.0569921875 0.12965625
1 0.6399921875000001 0.742703125 0.030875000000000003 0.0676796875
1 0.6435546875 0.6744296875 0.0379921875 0.030875000000000003
1 0.6156484375 0.61328125 0.046304687500000004 0.0748046875
1 0.730828125 0.5889375 0.0201875 0.0522421875
1 0.7753515625 0.6126875 0.02375 0.0427421875
1 0.6673046874999999 0.4696015625 0.028499999999999998 0.051054687499999994
1 0.6340546875 0.43695312499999994 0.0403671875 0.15435937500000002
1 0.6269296875 0.3105 0.0451171875 0.0534296875
1 0.6833359375 0.30634375 0.0368046875 0.0522421875
1 0.6376171875 0.26953125 0.019 0.03325
1 0.692828125 0.2392578125 0.0368046875 0.0225625
1 0.6364296875 0.2172890625 0.0451171875 0.0498671875
1 0.6601796875 0.153765625 0.0474921875 0.0890546875
1 0.6708671875000001 0.0795546875 0.026125 0.03325
1 0.711828125 0.0522421875 0.034437499999999996 0.0403671875
1 0.86796875 0.8044453125000001 0.0783671875 0.119921875
1 0.9903828125 0.843625 0.019234375 0.0415546875
1 0.9933515625 0.6643359375 0.013296875 0.0486796875
1 0.838875 0.702328125 0.034437499999999996 0.0391796875
1 0.86975 0.5337265625 0.0273125 0.07242968749999999
1 0.9083359375000001 0.5266015625 0.0474921875 0.10330468749999999
1 0.9053671874999999 0.3383984375 0.0296875 0.0546171875
1 0.9398046875 0.3283046875 0.0320625 0.0748046875
1 0.8851875 0.2309453125 0.034437499999999996 0.051054687499999994
1 0.9148671875 0.2618125 0.0391796875 0.0581796875
1 0.978390625 0.2291640625 0.016625 0.02375
1 0.9641484374999999 0.114578125 0.026125 0.0605546875
1 0.36096093749999997 0.6269296875 0.035625000000000004 0.0949921875
1 0.3627421875 0.3556171875 0.051054687499999994 0.0629296875
1 0.4779140625 0.2463828125 0.043929687499999995 0.0605546875
1 0.46129687500000005 0.11160937500000001 0.0225625 0.0403671875
1 0.47553906250000005 0.059367187499999995 0.0249375 0.0451171875
1 0.3716484375 0.0926171875 0.0403671875 0.0474921875
1 0.40014062499999997 0.146046875 0.0403671875 0.0427421875
1 0.014249999999999999 0.8471875000000001 0.028499999999999998 0.07242968749999999
1 0.0368046875 0.8204765625 0.0451171875 0.0664921875
1 0.11517187499999999 0.09321093750000001 0.0498671875 0.07717968750000001
1 0.1947265625 0.169203125 0.0451171875 0.0843046875
1 0.050460937500000004 0.135953125 0.0653046875 0.1009296875
1 0.0391796875 0.427453125 0.0783671875 0.455953125
1 0.1003359375 0.60021875 0.0391796875 0.0866796875
1 0.0878671875 0.3817421875 0.0451171875 0.0748046875
1 0.151984375 0.3829296875 0.030875000000000003 0.0391796875
1 0.138921875 0.17870312500000002 0.0498671875 0.0961796875
1 0.0985546875 0.159109375 0.0451171875 0.0569921875
1 0.461890625 0.5729062500000001 0.0474921875 0.055804687500000005
1 0.9552421875 0.019 0.07242968749999999 0.0379921875
1 0.9469296875 0.06589843749999999 0.0201875 0.046304687500000004
1 0.0427421875 0.02078125 0.030875000000000003 0.0415546875