0 0.257453125 0.0245703125 0.049093750000000005 0.049148437499999996
0 0.23576562499999998 0.2426640625 0.051375000000000004 0.0764921875
0 0.1878125 0.5109609374999999 0.07421093749999999 0.1107421875
0 0.1535625 0.84434375 0.069640625 0.11759375000000001
0 0.4298515625 0.887671875 0.1107421875 0.1769609375
0 0.45953906250000004 0.6285078125 0.097046875 0.1746796875
0 0.48864843750000003 0.28314062500000003 0.09818750000000001 0.16440625
0 0.7175625 0.9595390625 0.0901953125 0.0809296875
0 0.7398203125 0.7032890625 0.09818750000000001 0.1552734375
0 0.780921875 0.3710546875 0.10275000000000001 0.1598359375
0 0.8197421874999999 0.071359375 0.0753515625 0.08562499999999999
0 0.528609375 0.050234375 0.0936171875 0.10046875
1 0.9789453124999999 0.8476484375 0.042109375 0.30470312499999996
1 0.76265625 0.86484375 0.052515624999999996 0.1723984375
1 0.6787421874999999 0.821453125 0.07421093749999999 0.1381484375
1 0.6530546875 0.9613125 0.0411015625 0.0753515625
1 0.5794140624999999 0.8442890625 0.026257812499999998 0.0239765625
1 0.5463046874999999 0.7940546875 0.030828125 0.0605078125
1 0.601109375 0.8186015624999999 0.0422421875 0.0433828125
1 0.760375 0.5046328124999999 0.13015625 0.1324375
1 0.7546640625000001 0.6016796875 0.0890546875 0.0685
1 0.7877734375000001 0.6798828125 0.0273984375 0.129015625
1 0.45496875000000003 0.76265625 0.0605078125 0.09818750000000001
1 0.47780468750000005 0.8203125 0.030828125 0.051375000000000004
1 0.4955 0.44925781249999996 0.047953125 0.07421093749999999
1 0.458390625 0.498921875 0.051375000000000004 0.084484375
1 0.6336484375 0.3145390625 0.059367187499999995 0.0764921875
1 0.6285078125 0.2163515625 0.0422421875 0.035390624999999995
1 0.6678984375 0.27571875 0.031968750000000004 0.0445234375
1 0.174109375 0.6764609375 0.08106250000000001 0.22948437500000002
1 0.14842187499999998 0.953890625 0.0411015625 0.08334375000000001
1 0.1096015625 0.9715859375000001 0.0251171875 0.03425
1 0.210640625 0.42185937500000004 0.033109375 0.0605078125
1 0.1861015625 0.2774375 0.057085937499999996 0.06393750000000001
1 0.223203125 0.3425078125 0.0285390625 0.0296875
1 0.223203125 0.3008359375 0.0239765625 0.030828125
1 0.20892968750000002 0.0296875 0.052515624999999996 0.059367187499999995
1 0.2049375 0.086765625 0.035390624999999995 0.057085937499999996
1 0.2448984375 0.10217968749999999 0.030828125 0.035390624999999995
1 0.19637500000000002 0.1370078125 0.0296875 0.045671875
1 0.23576562499999998 0.1906640625 0.0559453125 0.03425
1 0.5171953125 0.154703125 0.047953125 0.0924765625
1 0.4812265625 0.1809609375 0.033109375 0.0764921875
1 0.5217578125 0.223203125 0.052515624999999996 0.0422421875
1 0.451546875 0.379046875 0.0285390625 0.03425
1 0.4920703125 0.5354609375 0.03653125 0.052515624999999996
1 0.5971093749999999 0.35221874999999997 0.03425 0.0422421875
1 0.648484375 0.490359375 0.031968750000000004 0.0582265625
1 0.6884453125000001 0.0685 0.052515624999999996 0.06621875
1 0.643921875 0.0730703125 0.0296875 0.03653125
1 0.8208828125000001 0.017125 0.1210234375 0.03425
1 0.759234375 0.12501562500000002 0.052515624999999996 0.09475781250000001
1 0.8454296875 0.146140625 0.11759375000000001 0.06393750000000001
1 0.8146015625 0.23747656250000002 0.0901953125 0.1073203125
1 0.7438203125 0.261453125 0.0445234375 0.059367187499999995