0 0.479390625 0.24165625 0.13378125000000002 0.15830468749999999
0 0.4565390625 0.720609375 0.1076171875 0.19043749999999998
0 0.8830703124999999 0.793828125 0.1481640625 0.20015624999999998
0 0.8834609375 0.3136953125 0.10989062499999999 0.1891171875
0 0.08547656249999999 0.686046875 0.146734375 0.23458593749999998
0 0.055015625 0.9611328125 0.0858125 0.077734375
1 0.1276171875 0.019203124999999998 0.06929687500000001 0.038406249999999996
1 0.15134375 0.14553125 0.056203125 0.068015625
1 0.1181484375 0.276546875 0.0444921875 0.060515624999999997
1 0.0965625 0.156953125 0.050164062499999995 0.08889843750000001
1 0.168140625 0.07768749999999999 0.019484375 0.0241171875
1 0.45903124999999995 0.07846093750000001 0.0329140625 0.056921875
1 0.5024921875 0.025937500000000002 0.0397421875 0.04953125
1 0.0896328125 0.25872656250000003 0.01871875 0.0170546875
1 0.0704921875 0.5245546875 0.035125 0.081921875
1 0.0884609375 0.4005703125 0.0241875 0.048796875
1 0.1073046875 0.46617968750000005 0.020867187500000002 0.023765625000000002
1 0.155640625 0.2700390625 0.0179296875 0.0631328125
1 0.1240078125 0.215078125 0.0327734375 0.0528125
1 0.0707890625 0.8658203125 0.0220390625 0.0261640625
1 0.0501796875 0.8770468749999999 0.017945312499999998 0.0193203125
1 0.10213281249999999 0.9475234374999999 0.043710937500000005 0.07825
1 0.51996875 0.9810546875 0.021968750000000002 0.037890625
1 0.49995312500000005 0.9184296875 0.038570312499999995 0.056796875000000004
1 0.5245546875 0.8469765625000001 0.025289062499999997 0.0373046875
1 0.52240625 0.7912265625 0.024898437500000002 0.033234375
1 0.44507031250000006 0.8532187499999999 0.0108515625 0.0263671875
1 0.45503125000000005 0.825109375 0.011234375000000001 0.0170078125
1 0.523484375 0.7201562499999999 0.0211875 0.0395234375
1 0.5106875 0.6665546875 0.032710937499999995 0.051468749999999994
1 0.49819531250000004 0.582109375 0.031148437499999997 0.032968750000000005
1 0.45337500000000003 0.60221875 0.0176796875 0.0224140625
1 0.5420390625 0.5519453125 0.0231328125 0.02146875
1 0.5290468749999999 0.57703125 0.0225546875 0.022820312500000002
1 0.5825625 0.6290703125 0.012390624999999999 0.015562500000000002
1 0.5267031249999999 0.493328125 0.064734375 0.08039062500000001
1 0.47367968749999995 0.485421875 0.0192421875 0.029046875
1 0.502 0.3884375 0.03290625 0.0538359375
1 0.4771015625 0.3669609375 0.03584375 0.0499375
1 0.4478046875 0.32928125 0.024125 0.0409765625
1 0.5253359375 0.385703125 0.019039062500000002 0.07179687500000001
1 0.527484375 0.2093203125 0.027242187499999997 0.03153125
1 0.8583125 0.14835156249999998 0.0873359375 0.1498203125
1 0.8372265625 0.039609375 0.02953125 0.0378125
1 0.8654453125 0.05142187499999999 0.021515625 0.051664062499999996
1 0.898453125 0.02028125 0.0133125 0.026500000000000003
1 0.9220859375 0.091546875 0.0254140625 0.040125
1 0.9446406250000001 0.1802890625 0.025609375 0.03596875
1 0.9616328125000001 0.1404609375 0.016625 0.0188125
1 0.9288203125000001 0.1452421875 0.013500000000000002 0.026421875
1 0.9404375 0.0479140625 0.0152578125 0.013398437499999999
1 0.9331171875000001 0.47484374999999995 0.022093750000000002 0.0449921875
1 0.9241328125000001 0.4184140625 0.043187500000000004 0.045421875
1 0.958015625 0.31440625 0.019164062500000002 0.040523437499999995
1 0.8212109375000001 0.508484375 0.0209375 0.038070312499999995
1 0.87384375 0.5211796875 0.04221875 0.059539062499999997
1 0.8473828125 0.6384218749999999 0.04203125 0.10457812500000001
1 0.950203125 0.65496875 0.0347890625 0.0282890625
1 0.9288203125000001 0.7010468750000001 0.0369375 0.034515625
1 0.8145703125000001 0.7740703124999999 0.0232890625 0.04775
0 0.8267734375 0.5617656249999999 0.053554687499999996 0.045015625
1 0.8141796875 0.8764218749999999 0.0303125 0.03565625
1 0.8466953125 0.9903359375 0.0152734375 0.0193359375
1 0.922765625 0.9789999999999999 0.044359375 0.041999999999999996
1 0.969640625 0.8660078125 0.0209140625 0.0382734375
1 0.9805624999999999 0.7806796874999999 0.0388671875 0.074640625
1 0.9602656250000001 0.43276562500000004 0.017796875 0.029203125000000003
1 0.9843828125 0.41811718750000004 0.021109375 0.0428828125
1 0.43178906250000004 0.9710234375000001 0.0155390625 0.01978125
1 0.45200781250000005 0.5641093749999999 0.0110390625 0.0184609375
1 0.46665625000000005 0.5209609375 0.012992187499999999 0.0298125
1 0.9339921875 0.87290625 0.0297109375 0.04425
1 0.8627109374999999 0.2543203125 0.0238671875 0.07271093749999999