0 0.62578125 0.92109375 0.0921875 0.1578125
0 0.6515625 0.53125 0.125 0.20625
0 0.7171875 0.0375 0.109375 0.075
0 0.2859375 0.0875 0.115625 0.175
0 0.23515625 0.3453125 0.0953125 0.184375
0 0.20390625 0.6734375 0.0890625 0.203125
1 0.40234375 0.9 0.0921875 0.175
1 0.3328125 0.63046875 0.078125 0.1859375
1 0.41796875 0.07265625 0.1171875 0.1359375
1 0.14609375 0.06640625 0.0921875 0.1234375
1 0.0234375 0.03046875 0.0375 0.0609375
1 0.15 0.4140625 0.090625 0.084375
1 0.05390625 0.3890625 0.1078125 0.21875
1 0.11015625 0.1640625 0.0515625 0.04375
1 0.04609375 0.175 0.0484375 0.06875
1 0.0625 0.26328125 0.0375 0.0703125
1 0.25 0.21640625 0.053125 0.0359375
1 0.3015625 0.38828125 0.053125 0.0984375
1 0.32578125 0.2984375 0.0453125 0.046875
1 0.36015625 0.225 0.0609375 0.05
1 0.11796875 0.528125 0.0859375 0.134375
1 0.134375 0.734375 0.040625 0.190625
1 0.065625 0.73125 0.084375 0.228125
1 0.0140625 0.55859375 0.01875 0.0453125
1 0.06796875 0.57265625 0.0296875 0.0359375
1 0.12109375 0.93359375 0.1140625 0.1328125
1 0.128125 0.8453125 0.090625 0.065625
1 0.20078125 0.87578125 0.0359375 0.2484375
1 0.27578125 0.84609375 0.0765625 0.1609375
1 0.28671875 0.9765625 0.1078125 0.046875
1 0.26484375 0.67421875 0.0515625 0.0828125
1 0.76796875 0.140625 0.0390625 0.04375
1 0.74609375 0.3125 0.0421875 0.05625
1 0.69140625 0.665625 0.0296875 0.040625
1 0.59609375 0.71015625 0.0453125 0.0359375
1 0.1453125 0.33515625 0.096875 0.1140625
1 0.1984375 0.52890625 0.071875 0.0671875