0 0.6450625 0.0399609375 0.057085937499999996 0.079921875
0 0.6445937500000001 0.2953984375 0.0744921875 0.11278125000000001
0 0.63890625 0.635796875 0.06932031250000001 0.1438203125
0 0.36627343749999997 0.5437109375 0.080703125 0.1355390625
0 0.369375 0.2679765625 0.08484375 0.1489921875
0 0.1045 0.2555625 0.099328125 0.16140625
0 0.10501562499999999 0.5561328125 0.11071093750000001 0.1686484375
0 0.1055390625 0.8598046874999999 0.08484375 0.12209375
1 0.1294296875 0.017570312499999997 0.038656249999999996 0.035140624999999995
1 0.1423203125 0.11771875000000001 0.0363125 0.05973437499999999
1 0.16984375000000002 0.397078125 0.037484375 0.0585703125
1 0.13704687499999998 0.36779687499999997 0.028109375 0.051539062499999996
1 0.0808203125 0.387125 0.025765624999999997 0.038656249999999996
1 0.1218203125 0.44217968750000003 0.07028124999999999 0.0527109375
1 0.1522734375 0.585078125 0.035140624999999995 0.0831640625
1 0.14290624999999998 0.6951875000000001 0.035140624999999995 0.0784765625
1 0.107765625 0.7139296875000001 0.028109375 0.045679687499999996
1 0.12064843750000001 0.7941640624999999 0.037484375 0.060906249999999995
1 0.3601875 0.8515625 0.073796875 0.06325
1 0.36428125 0.9843437500000001 0.028109375 0.01959375
1 0.39415625 0.648921875 0.0433359375 0.0866796875
1 0.3619453125 0.7191953125 0.0491953125 0.11478906250000001
1 0.404109375 0.7648828125 0.0421640625 0.11947656250000001
1 0.372484375 0.401765625 0.039828125 0.037484375
1 0.408796875 0.46209375 0.016398437499999998 0.057398437499999996
1 0.3607734375 0.490203125 0.030453124999999998 0.057398437499999996
1 0.3502265625 0.16515625 0.032796874999999996 0.0562265625
1 0.39357031249999996 0.143484375 0.060906249999999995 0.057398437499999996
1 0.3806796875 0.1850703125 0.025765624999999997 0.030453124999999998
1 0.408796875 0.087265625 0.0562265625 0.0527109375
1 0.381265625 0.0445078125 0.073796875 0.0890234375
1 0.6184609375 0.8339921875 0.0491953125 0.1124453125
1 0.5950390624999999 0.8943125000000001 0.0468515625 0.0480234375
1 0.6787890625 0.951125 0.026937499999999996 0.08199218750000001
1 0.6389609375 0.9282812500000001 0.0363125 0.0363125
1 0.607921875 0.9825859375 0.035140624999999995 0.0348203125
0 0.6389609375 0.961078125 0.038656249999999996 0.0480234375
1 0.7045546875 0.6606328125 0.0433359375 0.060906249999999995
1 0.6003046875 0.736765625 0.040999999999999995 0.0538828125
1 0.662390625 0.698703125 0.031625 0.062078125
1 0.6852265625 0.72446875 0.035140624999999995 0.038656249999999996
1 0.62021875 0.5329531249999999 0.040999999999999995 0.07028124999999999
1 0.64775 0.4773203125 0.023429687499999997 0.0433359375
1 0.686984375 0.440421875 0.045679687499999996 0.035140624999999995
1 0.668828125 0.517140625 0.030453124999999998 0.0363125
1 0.6172890625 0.4117265625 0.0562265625 0.1253359375
1 0.6231484375 0.09721874999999999 0.028109375 0.0585703125
1 0.67234375 0.1423203125 0.0445078125 0.127671875
1 0.7162734375 0.082578125 0.040999999999999995 0.062078125
1 0.10425 0.98903125 0.0445078125 0.0219375
1 0.3402734375 0.9896171875 0.029281249999999998 0.020765625