0 0.101609375 0.0764921875 0.052515624999999996 0.086765625
0 0.1096015625 0.2837109375 0.057085937499999996 0.10389843750000001
0 0.1170234375 0.49721093749999995 0.0422421875 0.0764921875
0 0.11588281250000002 0.6861640625 0.0445234375 0.084484375
0 0.1153125 0.925921875 0.050234375 0.0753515625
0 0.3590625 0.8334453125 0.0764921875 0.084484375
0 0.347078125 0.3425078125 0.0753515625 0.1073203125
0 0.3282421875 0.079921875 0.0559453125 0.079921875
0 0.8197421874999999 0.0987578125 0.084484375 0.11759375000000001
0 0.8157500000000001 0.36991406250000003 0.10389843750000001 0.1370078125
0 0.8385781250000001 0.5834140624999999 0.067359375 0.09818750000000001
0 0.8528515625 0.9070859375 0.047953125 0.0879140625
1 0.0816328125 0.7266953125 0.030828125 0.1701171875
1 0.1467109375 0.7226953125 0.01940625 0.03653125
1 0.1113125 0.742109375 0.033109375 0.0228359375
1 0.116453125 0.9761562500000001 0.06393750000000001 0.0411015625
1 0.1210234375 0.8591328125000001 0.0228359375 0.0582265625
1 0.047382812499999996 0.590828125 0.051375000000000004 0.051375000000000004
1 0.09761718750000001 0.1906640625 0.0399609375 0.06621875
1 0.34878906249999997 0.0199765625 0.0582265625 0.0399609375
1 0.3265234375 0.156984375 0.0251171875 0.065078125
1 0.37048437500000003 0.133578125 0.033109375 0.0753515625
1 0.344796875 0.21178906249999999 0.0251171875 0.07192968749999999
1 0.379046875 0.21349999999999997 0.0296875 0.047953125
1 0.33965625 0.26887500000000003 0.08334375000000001 0.037679687499999996
1 0.3293828125 0.458390625 0.07878125 0.10389843750000001
1 0.3761875 0.590828125 0.0239765625 0.05365625
1 0.31339843749999996 0.582265625 0.033109375 0.0730703125
1 0.3459375 0.558296875 0.031968750000000004 0.0616484375
1 0.3510703125 0.657625 0.0422421875 0.06621875
1 0.33166406249999997 0.759234375 0.01940625 0.050234375
1 0.364203125 0.74553125 0.03653125 0.082203125
1 0.36534374999999997 0.9738046875 0.06621875 0.0523828125
1 0.32995312499999996 0.921921875 0.0273984375 0.0582265625
1 0.376765625 0.9167890625 0.0296875 0.054804687500000004
1 0.577703125 0.8323046875 0.03653125 0.0616484375
1 0.5719921875 0.653625 0.031968750000000004 0.051375000000000004
1 0.5565781249999999 0.37790625 0.0422421875 0.038820312499999995
1 0.59596875 0.3670546875 0.020546875 0.049093750000000005
1 0.569140625 0.2837109375 0.037679687499999996 0.0285390625
1 0.571421875 0.13871875 0.030828125 0.0559453125
1 0.7775000000000001 0.2055078125 0.045671875 0.047953125
1 0.8271640625 0.19922656249999998 0.033109375 0.01940625
1 0.8534218750000001 0.18153125 0.012562499999999999 0.0433828125
1 0.81175 0.26887500000000003 0.03653125 0.065078125
1 0.77978125 0.0154140625 0.045671875 0.030828125
1 0.8380078125000001 0.026828125 0.0433828125 0.051375000000000004
1 0.8134609375 0.6616171875 0.037679687499999996 0.026257812499999998
1 0.8380078125000001 0.7141328125 0.0753515625 0.049093750000000005
1 0.8357265625 0.9755156250000001 0.082203125 0.0489609375
1 0.8100390624999999 0.9030859375 0.037679687499999996 0.086765625