0 0.1217734375 0.0633515625 0.07132031250000001 0.0985859375
0 0.82440625 0.130078125 0.0894375 0.1608515625
0 0.08297656249999999 0.4095625 0.0753203125 0.0965546875
0 0.44283593750000005 0.6102734375 0.138796875 0.1906796875
0 0.8006249999999999 0.432546875 0.0731171875 0.1546796875
0 0.8132109375000001 0.8527421875 0.089609375 0.1860390625
0 0.4118515625 0.9475703125000001 0.092453125 0.104859375
0 0.078546875 0.7964609375 0.0716796875 0.11862500000000001
1 0.1036328125 0.8935859374999999 0.022890625 0.029875000000000002
1 0.0244765625 0.9848984375000001 0.0312421875 0.0302109375
1 0.089921875 0.9822890624999999 0.026718750000000003 0.035414062499999996
1 0.03628125 0.9088593749999999 0.034015625 0.025703125
1 0.0359296875 0.8618203125000001 0.0124921875 0.032328125
1 0.12064843750000001 0.8456796875 0.01525 0.01740625
1 0.0172734375 0.9500781249999999 0.0220390625 0.026546874999999998
1 0.089484375 0.62409375 0.0275859375 0.05339843749999999
1 0.045656249999999995 0.67790625 0.0180390625 0.0290703125
1 0.08367187499999999 0.6806796875 0.0281015625 0.0415625
1 0.1267265625 0.49846874999999996 0.016984375 0.0330390625
1 0.0638828125 0.5225 0.0371328125 0.0307734375
1 0.0374921875 0.432515625 0.012140624999999999 0.026140625
1 0.151546875 0.3633515625 0.0145546875 0.021492187500000003
1 0.048171874999999996 0.351109375 0.02134375 0.02653125
1 0.10407031250000001 0.3483359375 0.0220234375 0.0209765625
1 0.052945312499999994 0.47928906250000003 0.018734375 0.0172578125
1 0.06301562499999999 0.447265625 0.0180390625 0.024390625
1 0.1111875 0.44466406249999996 0.0188984375 0.0296015625
1 0.4911875 0.572171875 0.0254296875 0.034625
1 0.37174999999999997 0.7360078125 0.0365625 0.0636875
1 0.2864296875 0.0920234375 0.030851562500000002 0.0847421875
1 0.7385625 0.2923984375 0.044484375 0.0948671875
1 0.8334374999999999 0.27835156250000004 0.031101562500000002 0.042460937500000004
1 0.7494140625 0.1710859375 0.0575078125 0.0571015625
1 0.762953125 0.0856953125 0.0220859375 0.059929687499999995
1 0.79315625 0.03128125 0.033890625 0.060484375
1 0.8535703124999999 0.037617187499999996 0.0436015625 0.043640625
1 0.762953125 0.2373046875 0.035976562499999996 0.0454375
1 0.7753671875 0.2018125 0.0139296875 0.0248046875
1 0.8553906250000001 0.21846875 0.0455078125 0.044234375
1 0.7404765624999999 0.52209375 0.037890625 0.0473046875
1 0.7349218750000001 0.45197656249999996 0.02678125 0.032070312499999996
1 0.86346875 0.5038437499999999 0.032140625 0.1809609375
1 0.8574765624999999 0.38558593750000003 0.02884375 0.0329765625
1 0.8354296874999999 0.54934375 0.022945312500000002 0.028890624999999996
1 0.8481875000000001 0.6260859375 0.022421875 0.0521640625
1 0.7917734375000001 0.660171875 0.031109375 0.1394453125
1 0.7442031250000001 0.5828671875 0.054031249999999996 0.059484375
1 0.721984375 0.790125 0.058203125 0.07990625
1 0.754359375 0.7295625 0.0309453125 0.0386328125
1 0.7170390624999999 0.7170625 0.03615625 0.0691875
1 0.68509375 0.5636328125000001 0.0694921875 0.0470625
1 0.8388125000000001 0.6800937499999999 0.031453125 0.05428125
1 0.8378593750000001 0.7463984375 0.0278046875 0.034109375
1 0.7225937499999999 0.9115624999999999 0.0403203125 0.0623671875
1 0.7421249999999999 0.9744765624999999 0.0290390625 0.051039062499999996
1 0.6334531250000001 0.6874453125 0.02003125 0.0377421875
1 0.400484375 0.7845546875 0.0263125 0.0253671875
1 0.6567968750000001 0.6534296875 0.023320312500000002 0.0530390625
1 0.7172109375 0.6249374999999999 0.0399765625 0.042921875
1 0.356390625 0.7799296874999999 0.0214609375 0.023046875
1 0.4076015625 0.907609375 0.01625 0.018
1 0.4261796875 0.8880859375 0.015203125000000001 0.0154140625
1 0.8334374999999999 0.9790625000000001 0.017218749999999998 0.0324296875
1 0.1300234375 0.1286328125 0.034 0.0416328125
1 0.06135937500000001 0.231640625 0.0338359375 0.0410546875
1 0.0692578125 0.29481250000000003 0.0513671875 0.063234375
1 0.13071875 0.21463281250000002 0.0145546875 0.027875
1 0.08115625 0.11954687500000001 0.010921875000000001 0.026937499999999996
1 0.09894531250000001 0.11581250000000001 0.0169921875 0.017734375