0 0.1947265625 0.143671875 0.0759921875 0.140109375
0 0.134171875 0.3787734375 0.0783671875 0.1044921875
0 0.10686718749999999 0.61209375 0.0783671875 0.14842187499999998
0 0.0777734375 0.8210703125000001 0.0914296875 0.155546875
0 0.3763984375 0.9585546875000001 0.0569921875 0.0819296875
0 0.6168359375 0.9748203125 0.0653046875 0.0503515625
0 0.6548359375 0.7899453125 0.0819296875 0.119921875
0 0.40073437500000003 0.7246406249999999 0.055804687500000005 0.10330468749999999
0 0.442890625 0.4746953125 0.061742187500000004 0.0973671875
0 0.49038281250000004 0.2434140625 0.059367187499999995 0.1044921875
0 0.5171015625 0.0296875 0.0653046875 0.059367187499999995
0 0.7628828125 0.0427421875 0.0938046875 0.08074218749999999
0 0.724890625 0.2665625 0.0914296875 0.160296875
0 0.6779921875 0.5165078125 0.0474921875 0.0712421875
0 0.9593984375 0.5343203125 0.08074218749999999 0.14485937499999998
0 0.9713828124999999 0.2570625 0.0572265625 0.138921875
0 0.9356484375 0.8252265624999999 0.06886718750000001 0.0878671875
1 0.16504687499999998 0.0534296875 0.0474921875 0.0427421875
1 0.01603125 0.29446875 0.0320625 0.0736171875
1 0.028499999999999998 0.0552109375 0.0569921875 0.0938046875
1 0.010687499999999999 0.146046875 0.019 0.06411718749999999
1 0.0415546875 0.11754687500000001 0.02375 0.059367187499999995
1 0.127046875 0.20838281250000001 0.021374999999999998 0.055804687500000005
1 0.143078125 0.156734375 0.0296875 0.0427421875
1 0.2451953125 0.2155078125 0.0486796875 0.07242968749999999
1 0.24460156249999998 0.146640625 0.028499999999999998 0.0368046875
1 0.2137265625 0.30456249999999996 0.03325 0.0415546875
1 0.2018515625 0.3829296875 0.028499999999999998 0.034437499999999996
1 0.1834453125 0.438734375 0.0320625 0.0296875
1 0.13179687499999998 0.30575 0.0736171875 0.0676796875
1 0.0759921875 0.40904687500000003 0.0451171875 0.0629296875
1 0.1062734375 0.4791015625 0.0415546875 0.046304687500000004
1 0.160890625 0.49157031250000005 0.0249375 0.02375
1 0.1858203125 0.5806250000000001 0.034437499999999996 0.059367187499999995
1 0.159109375 0.60615625 0.035625000000000004 0.051054687499999994
1 0.0451171875 0.699359375 0.0427421875 0.0427421875
1 0.0611484375 0.61209375 0.034437499999999996 0.043929687499999995
1 0.0373984375 0.9785078125 0.0320625 0.042976562499999996
1 0.165640625 0.9779140625 0.0273125 0.044164062500000004
1 0.3265234375 0.9886015625000001 0.0498671875 0.022796875
1 0.3413671875 0.8614375000000001 0.0273125 0.0415546875
1 0.3906484375 0.8442187499999999 0.035625000000000004 0.0878671875
1 0.35264843749999997 0.7700078125 0.0427421875 0.143671875
1 0.3562109375 0.6595859374999999 0.0379921875 0.0534296875
1 0.36808593749999996 0.6162421874999999 0.0403671875 0.03325
1 0.3615546875 0.55984375 0.043929687499999995 0.0415546875
1 0.418546875 0.6578046875 0.034437499999999996 0.0569921875
1 0.41379687499999995 0.599625 0.034437499999999996 0.021374999999999998
1 0.3965859375 0.49157031250000005 0.0522421875 0.0926171875
1 0.403703125 0.415578125 0.03325 0.0498671875
1 0.450015625 0.3971796875 0.0427421875 0.055804687500000005
1 0.46010937500000004 0.3105 0.0249375 0.0415546875
1 0.5070078125 0.433984375 0.019 0.0320625
1 0.454171875 0.978390625 0.0225625 0.0379921875
1 0.6322734375 0.9154609375 0.0676796875 0.12348437500000001
1 0.6518671875 0.6091249999999999 0.059367187499999995 0.0926171875
1 0.690453125 0.700546875 0.051054687499999994 0.06886718750000001
1 0.6512734375 0.705890625 0.0320625 0.043929687499999995
1 0.714796875 0.4701953125 0.035625000000000004 0.06411718749999999
1 0.715984375 0.54975 0.019 0.0403671875
1 0.701734375 0.403703125 0.02375 0.059367187499999995
1 0.7628828125 0.8204765625 0.0249375 0.0403671875
1 0.8068203125 0.8234453125 0.0368046875 0.07242968749999999
1 0.750421875 0.134765625 0.08074218749999999 0.119921875
1 0.5171015625 0.09321093750000001 0.0296875 0.0605546875
1 0.49157031250000005 0.1852265625 0.035625000000000004 0.035625000000000004
1 0.46129687500000005 0.039773437499999995 0.0391796875 0.0795546875
1 0.8554999999999999 0.0718359375 0.0249375 0.0415546875
1 0.7801015625 0.6756171875 0.0498671875 0.030875000000000003
1 0.741515625 0.9647421875 0.0320625 0.051054687499999994
1 0.7890078125 0.9279296875 0.0391796875 0.0486796875
1 0.87153125 0.88221875 0.0498671875 0.08549218750000001
1 0.9593984375 0.89646875 0.061742187500000004 0.0569921875
1 0.9297109375 0.964859375 0.0902421875 0.0702890625
1 0.9118984375 0.8911250000000001 0.0498671875 0.0391796875
1 0.9095234375000001 0.7599140625 0.02375 0.0451171875
1 0.9724609375 0.756359375 0.0403671875 0.0569921875
1 0.9409921875 0.6643359375 0.1080546875 0.127046875
1 0.9647421875 0.39480468750000003 0.0676796875 0.12467187500000002
1 0.9886015625000001 0.108640625 0.022796875 0.0676796875
1 0.2202578125 0.0474921875 0.034437499999999996 0.0379921875
1 0.3407734375 0.0130625 0.0522421875 0.026125