0 0.0333984375 0.2119765625 0.066796875 0.145828125
0 0.0216796875 0.3945390625 0.043359375 0.155484375
0 0.33585937499999996 0.0694453125 0.06344531249999999 0.118578125
0 0.297375 0.301015625 0.0666328125 0.12078124999999999
0 0.2835078125 0.5142421875000001 0.06624218750000001 0.0941015625
0 0.2425 0.7426875 0.08578125 0.12130468750000001
0 0.4995078125 0.555625 0.099796875 0.16125
0 0.5307578125 0.3396796875 0.0997890625 0.1277890625
0 0.550875 0.0946328125 0.0501796875 0.1025546875
0 0.8164765624999999 0.0881875 0.0970078125 0.1404375
0 0.789328125 0.358421875 0.0856875 0.1027890625
0 0.7629609375 0.6208437499999999 0.107171875 0.14325000000000002
0 0.7244921875 0.9111874999999999 0.0966328125 0.13409374999999998
0 0.9826171875 0.6718124999999999 0.034765625 0.08503125
0 0.0400859375 0.0264296875 0.060750000000000005 0.0528671875
1 0.0851875 0.045046875 0.0152890625 0.03209375
1 0.15787500000000002 0.0861875 0.0185546875 0.0372109375
1 0.026742187499999997 0.08589843750000001 0.043710937500000005 0.024421875000000003
1 0.0663203125 0.10753125 0.015484375 0.046453125
1 0.09078906249999999 0.11756249999999999 0.0097578125 0.02021875
1 0.14325000000000002 0.1411875 0.014374999999999999 0.016671875
1 0.0943828125 0.1668828125 0.032390625 0.051984375000000006
1 0.073390625 0.196421875 0.0270546875 0.0396953125
1 0.1534453125 0.3377421875 0.021249999999999998 0.02590625
1 0.1726328125 0.34173437500000003 0.01559375 0.018445312499999998
1 0.12447656250000001 0.37515624999999997 0.010265625 0.023570312500000003
1 0.1588125 0.40736718749999995 0.019773437499999998 0.0198203125
1 0.0824609375 0.49595312500000005 0.015609375 0.0304609375
1 0.0932265625 0.544421875 0.01978125 0.037375000000000005
1 0.10570312500000001 0.588171875 0.0164375 0.0290703125
1 0.0072968749999999995 0.7202109375 0.014593749999999999 0.0275703125
1 0.08988281249999999 0.674015625 0.0208125 0.0361328125
1 0.082359375 0.8829140625 0.0214609375 0.0420234375
1 0.0804375 0.9205859375 0.0225234375 0.028218749999999997
1 0.2060078125 0.7326484375 0.0144375 0.026078125
1 0.27075 0.5903984375 0.0199765625 0.0328671875
1 0.23107812499999997 0.5572265625 0.0213046875 0.038546875
1 0.2448046875 0.62871875 0.0175078125 0.0233515625
1 0.2631328125 0.653921875 0.018921874999999998 0.028999999999999998
1 0.244421875 0.66684375 0.0141640625 0.0211484375
1 0.2671875 0.6863203125 0.019046874999999998 0.03103125
1 0.21960156249999999 0.7844375 0.028828125 0.036421875
1 0.24230468749999998 0.7967500000000001 0.017078125 0.012828125000000001
1 0.23246093750000002 0.8235078124999999 0.075125 0.054765625
1 0.20333593749999998 0.8588749999999999 0.015585937499999999 0.01596875
1 0.24342187499999998 0.8663046874999999 0.0449609375 0.0316796875
1 0.224296875 0.9129765624999999 0.0446484375 0.06586718750000001
1 0.2557109375 0.9256171875 0.0140625 0.0287734375
0 0.22060156250000001 0.9954453125 0.04209375 0.0091015625
1 0.266890625 0.7415078125 0.0263125 0.0223125
1 0.270046875 0.7676015625 0.0107578125 0.0168984375
1 0.3590703125 0.5291484375 0.016968749999999998 0.020796875
1 0.40307812500000006 0.53696875 0.0223125 0.029140624999999996
1 0.42037500000000005 0.3796953125 0.0159765625 0.020921875
1 0.4559375 0.463703125 0.027960937499999998 0.014601562500000002
1 0.2477109375 0.5321640624999999 0.031515625000000005 0.049539062499999995
1 0.2536796875 0.421296875 0.021671875 0.0352578125
1 0.2925546875 0.389359375 0.0226171875 0.03153125
1 0.2708515625 0.47083593749999997 0.026375 0.0218984375
1 0.2624375 0.35183593750000003 0.0418046875 0.1037890625
1 0.25886718750000004 0.23717187499999998 0.025937500000000002 0.0392109375
1 0.3176953125 0.23721874999999998 0.030984374999999998 0.0412109375
1 0.2722421875 0.20789062500000002 0.029164062499999997 0.039921875
1 0.30209375 0.178265625 0.0147734375 0.026000000000000002
1 0.321578125 0.16924999999999998 0.015125 0.0280078125
1 0.2671015625 0.1517421875 0.0380546875 0.046164062500000005
1 0.288234375 0.08447656249999999 0.037617187499999996 0.0920625
1 0.297125 0.018453125 0.024015625 0.0369140625
1 0.34292968749999997 0.006578125 0.0188671875 0.0131640625
1 0.39361718749999997 0.025124999999999998 0.0199921875 0.0256640625
1 0.45222656250000004 0.17085937499999998 0.0143125 0.026875
1 0.4016796875 0.356109375 0.014320312499999998 0.018203125
1 0.41117968749999995 0.46589843750000004 0.0176328125 0.025960937499999996
1 0.5704921875 0.0128203125 0.021367187500000002 0.0255625
1 0.5828125 0.050664062499999996 0.0230234375 0.05275
1 0.587015625 0.11294531249999999 0.020203125 0.0353828125
1 0.609203125 0.1512421875 0.02178125 0.02
1 0.5389062499999999 0.18449218750000002 0.0779296875 0.0833046875
1 0.551984375 0.2582734375 0.063296875 0.0573125
1 0.648390625 0.228453125 0.023375 0.0248671875
1 0.6361953125 0.356859375 0.022171875 0.0249453125
1 0.672703125 0.3591328125 0.027210937499999997 0.057484375
1 0.570703125 0.4330859375 0.020749999999999998 0.025437500000000002
1 0.5176328125 0.4353515625 0.080171875 0.070765625
1 0.5250781250000001 0.489140625 0.044101562500000004 0.040640625
1 0.6248828125 0.48413281250000006 0.030734375 0.0275625
1 0.6545468750000001 0.46007031249999997 0.01809375 0.025820312499999998
1 0.6605078125 0.5051875 0.019609375000000002 0.0152890625
1 0.658625 0.5378828125 0.024648437500000002 0.0375
1 0.6347968749999999 0.56303125 0.0345703125 0.0645859375
1 0.6004921875 0.601171875 0.025140625 0.0305078125
1 0.6208046875 0.76275 0.0369765625 0.040953125
1 0.656828125 0.68959375 0.0250546875 0.024203125
1 0.6430703125 0.72221875 0.0263359375 0.0382578125
1 0.47229687499999995 0.632671875 0.0198828125 0.025515624999999997
1 0.4881640625 0.7272265625000001 0.0700234375 0.1290546875
0 0.4829296875 0.850796875 0.090734375 0.1514609375
1 0.2181640625 0.9686640625 0.045703125 0.0460703125
1 0.48390625 0.9634140625000001 0.08815625 0.0731640625
1 0.5562890625 0.9816796875 0.025742187500000003 0.03153125
1 0.598328125 0.9916484375 0.0217890625 0.016710937500000002
1 0.66840625 0.97909375 0.056578125 0.0418046875
1 0.7455703125 0.9843046875000001 0.0174140625 0.031390625
1 0.7719921875 0.971953125 0.015328125000000001 0.015109375
1 0.76425 0.8944140624999999 0.027710937499999998 0.104515625
1 0.748546875 0.727921875 0.1130546875 0.07828125
1 0.7411640625 0.8036015624999999 0.072921875 0.06996875
1 0.7356874999999999 0.40147656249999997 0.041015625 0.07584375
1 0.8223984375000001 0.42085156250000005 0.036117187499999995 0.09517187499999999
1 0.7199453124999999 0.5320078125000001 0.028218749999999997 0.034171875000000004
1 0.78446875 0.47778906250000003 0.051578124999999996 0.13858593749999998
1 0.8174765624999999 0.47799218750000005 0.01615625 0.028546875
1 0.74525 0.4945234375 0.038570312499999995 0.1068359375
1 0.7996171875 0.5709921875 0.0353359375 0.0429296875
1 0.7975156250000001 0.2281796875 0.108421875 0.157515625
1 0.84903125 0.011203125 0.040609374999999996 0.02240625
1 0.9844296874999999 0.5410234375 0.031148437499999997 0.17672656250000002
1 0.9653203124999999 0.95059375 0.06936718750000001 0.0988125
1 0.9703671875 0.849046875 0.059273437500000005 0.11281250000000001
1 0.9898828125 0.753984375 0.0202265625 0.07784375
1 0.7957578125 0.649625 0.018609375 0.0299375
1 0.991875 0.22846093750000002 0.0162578125 0.0346953125
1 0.9951796875 0.362046875 0.009640625 0.0355078125