0 0.4557578125 0.29378125 0.1216796875 0.1727265625
0 0.4188515625 0.6141953124999999 0.1142578125 0.184640625
0 0.8697890625 0.125859375 0.109109375 0.19625781250000002
0 0.8381484374999999 0.8666640624999999 0.11302343749999999 0.170046875
0 0.395609375 0.9337890625 0.11074999999999999 0.132421875
0 0.0462265625 0.421875 0.087765625 0.14765625
0 0.051109375 0.0466015625 0.078 0.0924296875
0 0.027476562500000003 0.7303828125 0.050265625 0.1302890625
1 0.126421875 0.059789062500000004 0.053742187500000003 0.0789453125
1 0.028890624999999996 0.113015625 0.057773437500000004 0.0403125
1 0.0566796875 0.2251484375 0.032546874999999996 0.030203124999999997
1 0.027328124999999998 0.1793984375 0.0341171875 0.0592421875
1 0.0105859375 0.24478125 0.021171875 0.06946875
1 0.0946171875 0.58059375 0.028078125 0.029046875
1 0.1510859375 0.6652812499999999 0.0204765625 0.031
1 0.0718515625 0.766140625 0.027187499999999996 0.036296875
1 0.045179687499999996 0.9421328125 0.034109375 0.0400703125
1 0.36234375 0.7360625 0.021117187500000002 0.018546874999999997
1 0.46311718749999997 0.6923203124999999 0.019539062500000003 0.029281249999999998
1 0.5305234375000001 0.6306171875000001 0.0204140625 0.033109375
1 0.4770625 0.723671875 0.0184140625 0.0272578125
1 0.2591171875 0.7202109375 0.02225 0.044890625
1 0.2788671875 0.6829453125 0.023804687499999998 0.0373203125
1 0.7662109375 0.61921875 0.063234375 0.157640625
1 0.7604140625 0.7516796875 0.02484375 0.0319296875
1 0.7826171875 0.7079375 0.017921875 0.033734375
1 0.8452265625000001 0.671546875 0.0873203125 0.1439921875
1 0.8484609375 0.7635078125 0.0290703125 0.0332578125
1 0.899015625 0.5666796875 0.029726562499999998 0.0681875
1 0.838640625 0.553625 0.0362109375 0.06216406249999999
1 0.7716796875 0.5385703125 0.0362265625 0.038742187500000004
1 0.799921875 0.5271874999999999 0.027960937499999998 0.0293828125
1 0.49670312499999997 0.46782812500000004 0.0309140625 0.053515625
1 0.800140625 0.26501562500000003 0.05965625 0.065296875
1 0.8380859375 0.216265625 0.028398437500000002 0.02359375
1 0.905046875 0.2572109375 0.0194609375 0.036289062500000004
1 0.8100703125000001 0.1513203125 0.02371875 0.0410390625
1 0.796125 0.36296875 0.051617187499999995 0.13173437500000001
1 0.764765625 0.43237500000000006 0.03578125 0.0696640625
1 0.8385 0.39094531250000003 0.0223046875 0.037359375
1 0.8673046875000001 0.3145078125 0.0193671875 0.0231484375
1 0.8559765625000001 0.3374453125 0.01234375 0.0163046875
1 0.839671875 0.4658203125 0.024648437500000002 0.071875
1 0.8604687500000001 0.4491328125 0.017421875 0.044351562500000004
1 0.9263828125 0.5273671875 0.0183828125 0.021140625
1 0.8994296875 0.45581250000000006 0.011359375 0.0127890625
1 0.897375 0.48489843749999995 0.0248359375 0.0201953125
1 0.8188671875000001 0.025742187500000003 0.063125 0.051484375000000006
1 0.910171875 0.020179687499999998 0.028929687500000002 0.0360625
1 0.42368750000000005 0.4943984375 0.0208125 0.023554687499999998
1 0.3711484375 0.4198984375 0.0446484375 0.0523046875
1 0.1946015625 0.64634375 0.027492187499999998 0.0247109375
1 0.1643359375 0.7030624999999999 0.025539062499999998 0.0346328125
1 0.20173437500000002 0.6945703125 0.016359375000000002 0.0313203125
1 0.1326953125 0.6756328125 0.016953125 0.0207890625
1 0.0560390625 0.584640625 0.029664062499999998 0.0185
1 0.10007812499999999 0.26715625 0.010320312500000001 0.01634375
1 0.0304609375 0.985453125 0.0214609375 0.0291015625
1 0.10984374999999999 0.13284374999999998 0.014226562500000001 0.038734375