0 0.289953125 0.214703125 0.12209375 0.19034374999999998
0 0.2551953125 0.5585546875 0.1072578125 0.1710078125
0 0.22531249999999997 0.87746875 0.11390625000000001 0.1994765625
0 0.6198125 0.6275546875 0.05915625 0.10589843750000001
0 0.6145390625 0.9343046875000001 0.075953125 0.1139140625
0 0.9422421875 0.8325703125 0.0985546875 0.148734375
0 0.9572265625 0.543203125 0.085546875 0.1559296875
0 0.6403203125 0.3745 0.0806328125 0.14665625
0 0.96796875 0.255 0.0640625 0.17328125
1 0.3103203125 0.150125 0.0225859375 0.030328125
1 0.2833671875 0.2936328125 0.023375 0.0400078125
1 0.5834374999999999 0.16046875 0.035625000000000004 0.039304687500000005
1 0.62728125 0.17677343750000002 0.027609375000000002 0.0348046875
1 0.6118515625 0.2294921875 0.0319140625 0.038671875
1 0.7100859374999999 0.066546875 0.0369765625 0.0584921875
1 0.61 0.11742187500000001 0.026250000000000002 0.0332734375
1 0.6364609375 0.12259374999999999 0.018625 0.018234375
1 0.6051171875 0.2671171875 0.012578125 0.020171875
1 0.5759218749999999 0.60396875 0.0381640625 0.035671875
1 0.562640625 0.6532734375 0.027234374999999998 0.022953124999999998
1 0.3476171875 0.3630234375 0.02296875 0.02253125
1 0.9069453125000001 0.36926562500000004 0.0400625 0.0584609375
1 0.6442734375 0.8007578125 0.018625 0.028867187500000002
1 0.5535546874999999 0.972265625 0.0344609375 0.05546875
1 0.5805078124999999 0.987890625 0.0180546875 0.02421875
1 0.6311875 0.8473671875000001 0.019796875 0.0283203125
1 0.2649140625 0.012765625 0.019664062500000003 0.025523437500000003
1 0.6942734374999999 0.134015625 0.0170546875 0.039125
1 0.659015625 0.105609375 0.0110078125 0.027226562500000002
1 0.6774765625 0.10325781249999999 0.01315625 0.0459765625
1 0.694953125 0.006125 0.020374999999999997 0.01225
1 0.6777656249999999 0.016960937500000002 0.0172578125 0.021812500000000002
0 0.6455390624999999 0.0498515625 0.058273437500000004 0.099703125
1 0.2956328125 0.8340859375 0.0249453125 0.0306640625
1 0.1938203125 0.9547343749999999 0.017499999999999998 0.0410703125
1 0.717125 0.5773906249999999 0.03459375 0.027695312500000003
1 0.735609375 0.60984375 0.028171875000000002 0.033578125
1 0.662703125 0.6613046875 0.021242187500000002 0.0236484375
1 0.915890625 0.6371796875 0.0189375 0.0205390625
1 0.6739843750000001 0.5021484375 0.0125546875 0.0213125
1 0.5818046875 0.4640546875 0.019171874999999998 0.019773437499999998
1 0.595609375 0.513953125 0.0207265625 0.017140625
1 0.6442109375 0.5079687500000001 0.0137734375 0.013851562500000001
1 0.8152109375000001 0.6185234375 0.0258984375 0.0370390625
1 0.8296171875 0.5898828125 0.016523437499999998 0.01796875
1 0.6559296875 0.21382812499999998 0.011171875000000001 0.022789062500000002
1 0.6718203125 0.2933203125 0.0168984375 0.0220546875
1 0.42409375000000005 0.35059375 0.0110390625 0.018546874999999997