0 0.066734375 0.072375 0.062375 0.1283515625
0 0.058921875 0.2566953125 0.078 0.12198437499999999
0 0.0412109375 0.4693203125 0.082421875 0.152703125
0 0.02103125 0.6799999999999999 0.0412890625 0.14046875
0 0.26457031249999996 0.6762890625 0.06350781250000001 0.160390625
0 0.23156249999999998 0.9111796875 0.06390625 0.1184609375
0 0.2854609375 0.48475 0.07796093750000001 0.12496875
0 0.318078125 0.22642968749999998 0.08459375 0.151296875
0 0.3303828125 0.054414062500000006 0.081859375 0.1080546875
0 0.5926640625 0.12060937499999999 0.063453125 0.08809375
0 0.5868046875 0.32875 0.043929687499999995 0.09031249999999999
0 0.5545859375 0.5507500000000001 0.0615078125 0.09290625
0 0.5291953125 0.8301562499999999 0.06542187499999999 0.10874999999999999
0 0.7590546875 0.8703671875 0.099359375 0.165734375
0 0.78190625 0.648171875 0.09428125000000001 0.15103125
0 0.795578125 0.36232031249999996 0.08256250000000001 0.1574609375
0 0.8268281249999999 0.1506796875 0.0825546875 0.10916406249999999
0 0.9787109375 0.9398828124999999 0.042578125 0.11727343750000001
0 0.9826171875 0.6882109375 0.034765625 0.08657812499999999
1 0.1391875 0.07940625 0.0705625 0.1111640625
1 0.0311875 0.16805468750000002 0.06159375 0.093140625
1 0.0333359375 0.366828125 0.066671875 0.07661718749999999
1 0.101296875 0.6436875 0.12759375 0.1381484375
1 0.08938281249999999 0.8600234375 0.0764296875 0.148953125
1 0.5401328125 0.6838984375 0.056046874999999996 0.195140625
1 0.5541953125 0.0483671875 0.0372890625 0.0764296875
1 0.6075078125 0.0557890625 0.030640624999999998 0.0522109375
1 0.291515625 0.37834375 0.0471015625 0.0879375
1 0.5401328125 0.3715078125 0.056046874999999996 0.0859921875
1 0.5061484375 0.973828125 0.042765625 0.05234375
1 0.5241171875 0.9086562499999999 0.047453125 0.0704296875
1 0.768234375 0.7555703125 0.0435078125 0.092390625
1 0.7393359375 0.985546875 0.0481953125 0.02890625
1 0.9591796875 0.8082890624999999 0.081640625 0.11188281250000001
1 0.9845703125 0.478109375 0.030859375 0.135125
1 0.9188124999999999 0.37482812499999996 0.0516875 0.08871875
1 0.91021875 0.296734375 0.050124999999999996 0.05753125
1 0.91803125 0.1682578125 0.034499999999999996 0.058390624999999995
1 0.9596328125 0.16864062500000002 0.0268359375 0.0826015625
1 0.9119765624999999 0.5712578125000001 0.049734375 0.051890625
1 0.788546875 0.5154062500000001 0.084125 0.10425781249999999
1 0.9262343749999999 0.525375 0.0430859375 0.04996875
1 0.5526328125 0.1946015625 0.034164062499999995 0.1306171875
1 0.5924765625 0.22195312500000003 0.058015625 0.060312500000000005
1 0.56571875 0.4658203125 0.0329921875 0.0441484375
1 0.8139375 0.021234375 0.0802109375 0.033875
1 0.8352265624999999 0.0710234375 0.0720078125 0.043609375
1 0.8459687499999999 0.7963828125 0.034898437500000004 0.06073437499999999
1 0.8203828124999999 0.24986718749999998 0.0891953125 0.0731796875