0 0.1125 0.0953125 0.134375 0.190625
0 0.11953125 0.44140625 0.0984375 0.2296875
0 0.103125 0.8578125 0.103125 0.196875
0 0.5671875 0.7265625 0.115625 0.190625
0 0.603125 0.3484375 0.08125 0.2
0 0.5828125 0.01171875 0.06875 0.0234375
1 0.23828125 0.146875 0.0296875 0.05
1 0.19140625 0.253125 0.0359375 0.059375
1 0.10859375 0.23359375 0.0328125 0.0640625
1 0.3796875 0.159375 0.028125 0.059375
1 0.32265625 0.178125 0.0265625 0.04375
1 0.23828125 0.14921875 0.0328125 0.0453125
1 0.54921875 0.04296875 0.0296875 0.0296875
1 0.56171875 0.20859375 0.0265625 0.0484375
1 0.4234375 0.29609375 0.034375 0.0484375
1 0.471875 0.2421875 0.03125 0.05
1 0.534375 0.3265625 0.05625 0.053125
1 0.53671875 0.415625 0.0359375 0.09375
1 0.56171875 0.553125 0.0984375 0.15
1 0.64609375 0.64765625 0.0359375 0.0640625
1 0.65078125 0.7875 0.0265625 0.046875
1 0.5859375 0.915625 0.16875 0.16875
1 0.69375 0.97265625 0.028125 0.0484375
1 0.9125 0.8171875 0.04375 0.059375
1 0.97109375 0.90234375 0.0453125 0.0796875
1 0.18125 0.97890625 0.034375 0.0421875
1 0.21796875 0.86484375 0.0421875 0.0515625
1 0.25 0.92578125 0.01875 0.0296875
1 0.23359375 0.98203125 0.0296875 0.0359375
1 0.31015625 0.66015625 0.0203125 0.0484375
1 0.41875 0.90703125 0.05 0.0984375
1 0.1953125 0.6265625 0.040625 0.065625
1 0.203125 0.5703125 0.05625 0.03125
1 0.2359375 0.43203125 0.0125 0.0640625
1 0.2046875 0.925 0.04375 0.03125
1 0.10090625 0.7259375 0.044921875 0.058476562499999996
1 0.24851562500000002 0.748046875 0.1219375 0.1682890625
1 0.3665390625 0.66496875 0.0385078125 0.053484374999999994
1 0.41431250000000003 0.65178125 0.0399375 0.0713125
1 0.49203906249999996 0.6917109375 0.044210937500000005 0.0784453125
1 0.40610937500000005 0.7943984375 0.0463515625 0.05134375
1 0.45959374999999997 0.8029531249999999 0.022109375 0.044210937500000005
1 0.49417968749999996 0.7744296875 0.029953125000000004 0.0484921875
1 0.29415625 0.41360156249999996 0.1633046875 0.1526015625
1 0.2634921875 0.2809609375 0.054906250000000004 0.0798671875
1 0.2585 0.047421875 0.11766406250000001 0.09484375
1 0.35334374999999996 0.040999999999999995 0.0320859375 0.0420703125
1 0.46815625 0.0777265625 0.1019765625 0.0941328125
1 0.56834375 0.1468984375 0.025671875 0.041359375
1 0.48562500000000003 0.5020234375 0.022820312500000002 0.058476562499999996
1 0.4046875 0.562640625 0.0463515625 0.045640625000000004
1 0.43071875000000004 0.4332109375 0.031375 0.054906250000000004
1 0.4588828125 0.34478906249999997 0.0563359375 0.04778125
1 0.41075 0.7188125000000001 0.0499140625 0.058476562499999996
1 0.4588828125 0.681015625 0.022109375 0.055625
1 0.2987890625 0.9124140625000001 0.05134375 0.0720234375
1 0.2959375 0.9783828124999999 0.0328046875 0.0385078125
1 0.27846875 0.8393203124999999 0.0349453125 0.0527734375
1 0.0738046875 0.6228984375 0.036367187499999995 0.0506328125
1 0.11588281250000002 0.9052890625 0.033515625 0.0820078125
1 0.06096875 0.9755234375 0.026382812500000002 0.025671875
1 0.7455546875 0.8197109375 0.089140625 0.1547421875
1 0.8403906250000001 0.8564375 0.053484374999999994 0.0798671875
1 0.79975 0.9809921875000001 0.1333515625 0.0380234375