0 0.8289687499999999 0.191671875 0.0907578125 0.1520859375
0 0.8448671875 0.5164296875 0.0621484375 0.10325781249999999
0 0.8486874999999999 0.86896875 0.09521874999999999 0.13578125000000002
0 0.5821015625 0.736765625 0.09441406249999999 0.133328125
0 0.58865625 0.41448437499999996 0.0948359375 0.1394296875
0 0.5979453125 0.180484375 0.079625 0.11084374999999999
0 0.2641953125 0.25609375 0.0881328125 0.11839843750000001
0 0.2658828125 0.85925 0.0915078125 0.15859375
0 0.269265625 0.0216796875 0.08475 0.0433515625
0 0.0226015625 0.0275859375 0.045203125 0.0551796875
0 0.023453125 0.3154296875 0.0468984375 0.1314609375
0 0.0213359375 0.670453125 0.042671875 0.076765625
0 0.0213359375 0.9099453125 0.042671875 0.09098437499999999
0 0.599 0.98609375 0.09441406249999999 0.0278046875
1 0.5115546875 0.028429687500000002 0.06316406249999999 0.056859375000000004
1 0.582109375 0.055460937499999995 0.040773437499999995 0.1109140625
1 0.5394375 0.07616406249999999 0.0344296875 0.045859375
1 0.8229140625 0.43265624999999996 0.08592968749999999 0.06592187499999999
1 0.8617890625 0.7494453125 0.05603125 0.0572890625
1 0.816796875 0.662015625 0.040390625 0.042976562499999996
1 0.8852343749999999 0.6573671875 0.0387109375 0.05903125
1 0.5795703125 0.8881796874999999 0.08934375 0.1615390625
1 0.605765625 0.6603203125 0.0403359375 0.0564921875
1 0.53225 0.5800625 0.06231250000000001 0.11567968749999999
1 0.6002734375000001 0.5384609375 0.0378046875 0.0705078125
1 0.5402812499999999 0.490734375 0.053023437500000006 0.051101562499999996
1 0.5685859375 0.2810078125 0.10117968749999999 0.12599218750000002
1 0.2793984375 0.5476953124999999 0.11854687500000001 0.47767968749999995
1 0.027671875000000002 0.983984375 0.055343750000000004 0.03203125
1 0.26440625 0.9612734375 0.0336328125 0.0457578125
1 0.30876562500000004 0.952296875 0.05509375 0.09540625
1 0.323765625 0.8522890625 0.046718749999999996 0.11087499999999999
1 0.022328124999999997 0.7844921874999999 0.044656249999999995 0.16540625
1 0.0299375 0.5031640625 0.055046874999999995 0.26187499999999997
1 0.028734375 0.15914062499999998 0.057460937499999996 0.203359375
1 0.27390625 0.122109375 0.099109375 0.16732031249999998
1 0.368125 0.030257812499999998 0.05938281250000001 0.060515624999999997
1 0.3442578125 0.12846875 0.05171875 0.0363828125
1 0.8421406250000001 0.0581328125 0.057296875000000004 0.052046875000000006