0 0.3443359375 0.06233593750000001 0.12348437500000001 0.122296875
0 0.34671093750000004 0.32 0.08074218749999999 0.1816640625
0 0.3277109375 0.6483046875 0.0926171875 0.1971015625
0 0.28318750000000004 0.9595156250000001 0.0914296875 0.0809765625
0 0.739140625 0.27309375 0.0629296875 0.1899765625
0 0.708265625 0.5740937500000001 0.11754687500000001 0.167421875
0 0.6975781249999999 0.923890625 0.10330468749999999 0.15221875
1 0.026125 0.2054140625 0.0522421875 0.06886718750000001
1 0.015437500000000002 0.3841171875 0.030875000000000003 0.0581796875
1 0.0083125 0.5794374999999999 0.016625 0.06886718750000001
1 0.0379921875 0.9641484374999999 0.0759921875 0.0664921875
1 0.1994765625 0.130609375 0.0997421875 0.116359375
1 0.0949921875 0.2143203125 0.0451171875 0.0938046875
1 0.11754687500000001 0.3829296875 0.0451171875 0.0890546875
1 0.447640625 0.0837109375 0.03325 0.046304687500000004
1 0.40726562499999996 0.162671875 0.026125 0.061742187500000004
1 0.40785937499999997 0.43814062500000006 0.051054687499999994 0.0878671875
1 0.3633359375 0.4939453125 0.030875000000000003 0.0546171875
1 0.59903125 0.2238203125 0.043929687499999995 0.0581796875
1 0.707078125 0.144265625 0.034437499999999996 0.0676796875
0 0.704109375 0.019 0.0569921875 0.0379921875
1 0.699359375 0.427453125 0.0664921875 0.113984375
1 0.688078125 0.3265234375 0.043929687499999995 0.0831171875
1 0.687484375 0.2535 0.028499999999999998 0.043929687499999995
1 0.708265625 0.755171875 0.13179687499999998 0.18760156249999999
1 0.7890078125 0.733203125 0.034437499999999996 0.0534296875
1 0.7961328125 0.7967265625 0.0415546875 0.0522421875
1 0.9826640624999999 0.6684921875 0.034664062499999995 0.0546171875
1 0.9564296875 0.8596562499999999 0.0320625 0.06411718749999999
1 0.86559375 0.85609375 0.06411718749999999 0.1044921875
1 0.9065546875000001 0.9552421875 0.0819296875 0.0890546875
1 0.7890078125 0.9256718749999999 0.07717968750000001 0.14865625
1 0.8442187499999999 0.9403984375000001 0.0379921875 0.0522421875
1 0.3769921875 0.9749453125 0.0890546875 0.050101562499999995
1 0.5384765625 0.9737578125 0.21253906250000001 0.052476562500000004
1 0.43814062500000006 0.900625 0.180484375 0.0961796875
1 0.405484375 0.8008828125 0.07242968749999999 0.0914296875
1 0.57528125 0.8175078125 0.055804687500000005 0.0629296875
1 0.585375 0.8988437499999999 0.11160937500000001 0.0949921875
1 0.5794374999999999 0.718359375 0.0427421875 0.0569921875
1 0.419734375 0.7153906250000001 0.0653046875 0.046304687500000004
1 0.416171875 0.6578046875 0.0415546875 0.035625000000000004
1 0.4713828125 0.5729062500000001 0.059367187499999995 0.0890546875
1 0.5307578125 0.121109375 0.0474921875 0.0569921875
1 0.0546171875 0.730234375 0.035625000000000004 0.08549218750000001
1 0.5770625 0.0961796875 0.0427421875 0.0546171875
1 0.6583984375 0.0682734375 0.046304687500000004 0.0368046875
1 0.49513281249999996 0.01246875 0.0498671875 0.0249375
1 0.2196640625 0.9374296875000001 0.03325 0.0795546875
1 0.2517265625 0.88459375 0.0474921875 0.06411718749999999