0 0.06015625 0.065515625 0.0774296875 0.11673437499999999
0 0.0405 0.5783203125 0.07861718749999999 0.1131640625
0 0.0387109375 0.8624140625000001 0.0774296875 0.12150000000000001
0 0.560453125 0.43001562499999996 0.06789843749999999 0.1191171875
0 0.5527109375 0.2013125 0.0738515625 0.12150000000000001
0 0.804046875 0.237640625 0.0381171875 0.0798125
0 0.78915625 0.49791406250000003 0.0536015625 0.09053125
0 0.7921328125 0.7456796875 0.0595625 0.085765625
0 0.550328125 0.7635468750000001 0.0595625 0.0929140625
0 0.7903515624999999 0.9740859374999999 0.0631328125 0.0518203125
1 0.2858828125 0.44907812500000005 0.028585937500000002 0.0595625
1 0.27218749999999997 0.6450234375 0.0536015625 0.0726640625
1 0.29303124999999997 0.712328125 0.026203125 0.0381171875
1 0.2817109375 0.9702187500000001 0.0393125 0.0440703125
1 0.145921875 0.6843359375 0.0393125 0.058367187499999994
1 0.12269531250000001 0.621203125 0.028585937500000002 0.048835937499999996
1 0.3228125 0.3555703125 0.03096875 0.0536015625
1 0.3150703125 0.1798671875 0.0845703125 0.0881484375
1 0.31149218749999996 0.08755468749999999 0.06789843749999999 0.0941015625
1 0.0798125 0.3418671875 0.0381171875 0.0571796875
1 0.0327578125 0.3103046875 0.058367187499999994 0.075046875
1 0.0440703125 0.4222734375 0.050031250000000006 0.0774296875
1 0.0369296875 0.5128046875 0.0738515625 0.055984374999999996
1 0.0422890625 0.2036953125 0.07028124999999999 0.1238828125
1 0.04109375 0.7164921875 0.075046875 0.156046875
1 0.328171875 0.5026796874999999 0.0321640625 0.0428828125
1 0.530078125 0.030375000000000003 0.0476484375 0.060750000000000005
1 0.59678125 0.029187499999999998 0.052414062500000004 0.048835937499999996
1 0.5580703125 0.111375 0.048835937499999996 0.06789843749999999
1 0.536625 0.5187578125 0.0393125 0.02978125
1 0.55746875 0.570578125 0.07861718749999999 0.03096875
1 0.5378203125 0.9282265625000001 0.09171875 0.14353906249999998
1 0.5211406249999999 0.8242968749999999 0.060750000000000005 0.0643203125
1 0.50565625 0.74925 0.0226328125 0.054796875
1 0.78975 0.8493124999999999 0.0619375 0.11196874999999999
1 0.754609375 0.9088671875 0.055984374999999996 0.052414062500000004
1 0.8016640625000001 0.9332890624999999 0.03096875 0.034546875
1 0.986 0.8594375 0.028000000000000004 0.2799296875
1 0.7760546875000001 0.6807578125 0.08695312499999999 0.060750000000000005
1 0.7855859374999999 0.6307265625 0.058367187499999994 0.046453125
1 0.7921328125 0.58665625 0.0381171875 0.0369296875
1 0.793921875 0.3525859375 0.060750000000000005 0.085765625
1 0.792734375 0.4270390625 0.09171875 0.05121875
1 0.8034531250000001 0.0988671875 0.065515625 0.197734375
1 0.030375000000000003 0.9678359375 0.060750000000000005 0.0631328125