0 0.28228906249999997 0.08352343749999999 0.081765625 0.145171875
0 0.25621875 0.37709375 0.082359375 0.1483203125
0 0.5750390624999999 0.2501796875 0.069609375 0.1210625
0 0.6000390624999999 0.045265625 0.07273437499999999 0.0905234375
0 0.899625 0.22040625 0.04690625 0.0791015625
0 0.5461328125 0.514328125 0.0743046875 0.15131250000000002
0 0.8823359375000001 0.4512734375 0.061164062500000005 0.0916015625
0 0.23551562499999998 0.6365546875 0.080015625 0.1535859375
0 0.5340234374999999 0.758625 0.0969609375 0.1613984375
0 0.219109375 0.9365859375 0.07846093750000001 0.1188671875
0 0.8661328125000001 0.7489453125 0.0638984375 0.11467968749999999
1 0.0321171875 0.049859375 0.061890625 0.0641640625
1 0.2829765625 0.16978125 0.030406250000000003 0.03253125
1 0.24948437499999998 0.173984375 0.02396875 0.019453124999999998
1 0.3031875 0.2088359375 0.03371875 0.0403203125
1 0.25875781249999996 0.23000781250000002 0.03665625 0.0885390625
1 0.31451562499999997 0.256578125 0.0173125 0.0244765625
1 0.3009453125 0.29396875 0.01946875 0.0230859375
1 0.408359375 0.3438515625 0.0233515625 0.0232578125
1 0.4701640625 0.28781249999999997 0.0278359375 0.0244609375
1 0.2872734375 0.507703125 0.015562500000000002 0.052125
1 0.2661796875 0.4735390625 0.0124375 0.034578125
1 0.25485156249999996 0.7556171875000001 0.02884375 0.044046875
1 0.22311718749999998 0.77678125 0.022015625 0.01996875
1 0.22516406249999998 0.8217812500000001 0.0476015625 0.0455234375
1 0.15759375 0.9153125 0.0140234375 0.025546875000000004
1 0.12371093749999999 0.754421875 0.061484375 0.0631328125
1 0.15525 0.8178828125000001 0.0171484375 0.022093750000000002
1 0.3031875 0.47386718749999995 0.01809375 0.031328125
1 0.22497656250000003 0.496125 0.0120546875 0.0211640625
1 0.2947890625 0.56134375 0.028648437500000002 0.034398437500000004
1 0.257390625 0.53625 0.030015625 0.025234374999999996
1 0.3997578125 0.9127968750000001 0.0764765625 0.0732421875
1 0.48403124999999997 0.8354765625 0.03603125 0.043609375
1 0.5068828125 0.859015625 0.038765625 0.02309375
1 0.5521953125 0.8618359375000001 0.0278203125 0.029929687500000003
1 0.54896875 0.6319140625 0.038953125 0.0915703125
1 0.49008593749999996 0.65896875 0.020796875 0.04215625
1 0.5916406249999999 0.6364140625 0.052031249999999994 0.04978125
1 0.6168359375 0.69284375 0.0516328125 0.057171875000000004
1 0.6255234375 0.76371875 0.059250000000000004 0.062203125000000005
1 0.6646796875 0.8608515625000001 0.057484375 0.13340625
1 0.7997265625 0.831671875 0.0326640625 0.0496640625
1 0.8091015625000001 0.6727265625000001 0.027976562500000003 0.0677265625
1 0.7749296875 0.685625 0.0338359375 0.023195312500000002
1 0.633046875 0.48294531249999995 0.0488984375 0.0553359375
1 0.6650703124999999 0.43373437499999995 0.050453125 0.0663046875
1 0.7235625 0.3998671875 0.052203124999999996 0.043476562499999996
1 0.797875 0.4469140625 0.10511718750000001 0.1024140625
1 0.824234375 0.3532890625 0.10706249999999999 0.09290625
1 0.8285390625 0.27603125 0.029726562499999998 0.067296875
1 0.8649609375 0.26666406249999997 0.0224921875 0.032937499999999995
1 0.57640625 0.3664296875 0.07625 0.1238671875
1 0.6003359374999999 0.531234375 0.020585937500000002 0.0191171875
1 0.617421875 0.5604140625 0.017656250000000002 0.0950546875
1 0.65071875 0.5829765625000001 0.043234375000000005 0.0561875
1 0.65071875 0.6291562500000001 0.019796875 0.021593750000000002
1 0.7914296875 0.97959375 0.033640625 0.0408203125
1 0.744953125 0.7271484375 0.0188046875 0.059367187499999995
1 0.6872421875 0.726359375 0.0342421875 0.1046640625
1 0.7084296875 0.5695703125 0.019984375 0.0684453125
1 0.6797187499999999 0.525828125 0.028968749999999998 0.11376562500000001
1 0.9750078125 0.8046640625 0.025796875000000004 0.038625
1 0.9448359375000001 0.8760312499999999 0.022093750000000002 0.034875
1 0.9778437500000001 0.9260078125 0.0216953125 0.0645234375
1 0.958796875 0.40928906249999997 0.06759375 0.105296875
1 0.9569453125 0.2994296875 0.038492187500000004 0.049640625
1 0.533734375 0.138109375 0.055359375 0.0922265625
1 0.6075625 0.100828125 0.0155078125 0.0137578125
1 0.6050234375 0.1516796875 0.014335937500000001 0.051023437500000005
1 0.41147656250000003 0.11185156249999999 0.026476562500000002 0.0182578125
1 0.475046875 0.9657265625000001 0.018070312499999998 0.026765624999999998
1 0.53803125 0.9700234375000001 0.017078125 0.0275390625
1 0.45385937500000006 0.8718046875000001 0.016703125 0.0225234375
1 0.49223437499999995 0.8862578125 0.0211875 0.020171875
1 0.917984375 0.0799296875 0.0133046875 0.014945312499999999
1 0.8360546875000001 0.2078203125 0.019375 0.0246328125
1 0.957921875 0.53153125 0.013109375000000001 0.02165625