0 0.2583671875 0.06640625 0.098375 0.13046875
0 0.2514296875 0.341984375 0.0981796875 0.1503671875
0 0.23210156249999997 0.6131015625 0.0868515625 0.1359765625
0 0.2044609375 0.9084921874999999 0.08432031250000001 0.174015625
0 0.5740624999999999 0.8019921875 0.0715625 0.1075
0 0.5878359375 0.5344218749999999 0.0502734375 0.0840859375
0 0.612828125 0.2501796875 0.061203125000000004 0.1054375
0 0.976171875 0.0951484375 0.04765625 0.09225781250000001
0 0.9678671874999999 0.41643749999999996 0.0642578125 0.11959375000000001
0 0.9571249999999999 0.7696640625 0.0857421875 0.142453125
1 0.6751328125 0.724609375 0.033460937499999996 0.050390625
1 0.6530625 0.7767421875 0.040109375 0.0491875
1 0.6386093749999999 0.7248984375 0.034640625 0.0451171875
1 0.6003359374999999 0.756140625 0.028398437500000002 0.0372890625
1 0.6513046874999999 0.6458203124999999 0.0170625 0.039304687500000005
1 0.6067812499999999 0.6106796875 0.013945312500000001 0.023703125
1 0.48305468749999997 0.6651484375 0.053609375 0.05842968750000001
1 0.5424218749999999 0.7104453125 0.0629765625 0.0708984375
1 0.395078125 0.7493046875 0.0592890625 0.066578125
1 0.33834375 0.8031953125 0.0571484375 0.08060937500000001
1 0.31021875 0.8599218750000001 0.04778125 0.0592890625
1 0.350453125 0.8613828124999999 0.0266796875 0.048546875
1 0.22311718749999998 0.7336875 0.053265625000000004 0.0665859375
1 0.21970312500000003 0.68878125 0.0132265625 0.02365625
1 0.2758515625 0.6716953125 0.0181015625 0.02659375
1 0.2513359375 0.6889765625 0.0140078125 0.020140625000000002
1 0.12 0.6644687499999999 0.03453125 0.0316796875
1 0.18025 0.48971093750000005 0.059328124999999995 0.09231249999999999
1 0.20280468749999997 0.784296875 0.028273437499999998 0.040859374999999996
1 0.2473359375 0.8069453125000001 0.031390625 0.039281250000000004
1 0.24772656249999997 0.85625 0.032171875 0.0421796875
1 0.268625 0.9194531250000001 0.0153671875 0.024054687499999998
1 0.2814140625 0.967875 0.03509375 0.0642578125
1 0.3158828125 0.912421875 0.07082812499999999 0.0334296875
1 0.35748437499999997 0.9411171875000001 0.0173046875 0.07129687500000001
1 0.330625 0.9849609375 0.031960937499999995 0.030078125
1 0.307390625 0.9597734375 0.0206328125 0.024617187500000002
1 0.46460156250000006 0.80375 0.06553125 0.11492187499999999
1 0.514109375 0.774765625 0.033687499999999995 0.0432734375
1 0.4771015625 0.7396171875 0.02803125 0.0276796875
1 0.3882421875 0.9506875000000001 0.01828125 0.0630859375
1 0.2661796875 0.5084609375 0.02025 0.0282578125
1 0.2638359375 0.4702890625 0.015562500000000002 0.020273437499999998
1 0.2505546875 0.41900000000000004 0.0124453125 0.0426875
1 0.19040625 0.37399218749999996 0.024953125 0.0405625
1 0.214625 0.13753125 0.0343203125 0.032484374999999996
1 0.20592968749999999 0.2181640625 0.05014062500000001 0.0960859375
1 0.276140625 0.20831249999999998 0.036265625 0.0314609375
1 0.1906015625 0.0158515625 0.029249999999999998 0.031703125
1 0.36050781249999997 0.09764843749999999 0.0878125 0.1460703125
1 0.37710937499999997 0.0138984375 0.0624140625 0.027796875
1 0.36529687499999997 0.2321875 0.0251171875 0.059687500000000004
1 0.44897656250000006 0.172640625 0.01865625 0.0304375
1 0.4204609375 0.16502343749999998 0.0241328125 0.0659765625
1 0.374859375 0.2877421875 0.0325390625 0.0594609375
1 0.6067734375 0.15409375 0.0295703125 0.0284921875
1 0.6755234375 0.034984375 0.0264296875 0.032468750000000005
1 0.60853125 0.38966406249999996 0.021367187500000002 0.0211328125
1 0.6704453125 0.2235390625 0.01628125 0.0228671875
1 0.56459375 0.6524296875 0.015515625 0.0193125
1 0.5559999999999999 0.5888125 0.021765625 0.02684375
1 0.47944531250000005 0.9649140624999999 0.009281250000000001 0.0153671875
1 0.659015625 0.8766562499999999 0.0188203125 0.026351562499999998
1 0.79865625 0.8352578125000001 0.0285625 0.0529296875
1 0.84884375 0.9036953125 0.0156640625 0.031609375
1 0.9793046875 0.8871953124999999 0.026578125 0.0474375
1 0.9560625 0.9732421875 0.07775 0.053515625
1 0.973640625 0.936109375 0.01134375 0.026125
1 0.9274531250000001 0.8947109375 0.030296875 0.052703124999999997
1 0.5377421874999999 0.5514218750000001 0.014546875 0.028226562500000003
1 0.5225078125 0.5326796875 0.023140625 0.0219921875
1 0.9407343750000001 0.280390625 0.033421875000000004 0.056484374999999996
1 0.9754921875000001 0.20121093750000002 0.040445312500000004 0.0680546875
1 0.8431796874999999 0.24982812499999998 0.0238671875 0.0754453125
1 0.8778515625000001 0.24358593750000002 0.0170234375 0.0317109375
1 0.9088046875 0.26692187500000003 0.022296875 0.033453125
1 0.9297968750000001 0.5108359375 0.011546875 0.0193203125
1 0.9449296875 0.6069296875 0.059390624999999996 0.04940625
1 0.9040156250000001 0.622359375 0.0224921875 0.029484375
1 0.8649609375 0.6386640625 0.014687500000000001 0.017171875
1 0.930578125 0.6657968750000001 0.0912265625 0.051914062500000004
1 0.9399531250000001 0.020992187500000002 0.016234375000000002 0.0240078125
1 0.419296875 0.2230546875 0.013976562500000001 0.01603125
1 0.44839062500000004 0.2211015625 0.021390625 0.0355546875
1 0.734796875 0.11478124999999999 0.0141171875 0.035812500000000004
1 0.5212343749999999 0.5879921875 0.0225546875 0.038875
1 0.5072734375 0.620109375 0.016109375000000002 0.030851562500000002
1 0.052328125 0.46791406249999995 0.033960937499999996 0.021374999999999998