0 0.011414062499999999 0.1295859375 0.0228359375 0.062796875
0 0.0154140625 0.6541953125 0.030828125 0.0936171875
0 0.2603046875 0.46410156249999995 0.054804687500000004 0.08334375000000001
0 0.230625 0.2494609375 0.0730703125 0.119875
0 0.2386171875 0.0239765625 0.059367187499999995 0.047953125
0 0.2494609375 0.686734375 0.0764921875 0.101609375
0 0.23576562499999998 0.9475468749999999 0.07192968749999999 0.10490625
0 0.4983515625 0.9282031249999999 0.062796875 0.09590625
0 0.9698125 0.7700781250000001 0.060375 0.129015625
0 0.9726640625 0.25973437499999996 0.054671875 0.0924765625
0 0.7403984375 0.058796875000000005 0.07192968749999999 0.11303125
1 0.007992187500000001 0.0496640625 0.015984375000000002 0.097046875
1 0.0348203125 0.2654453125 0.0285390625 0.0445234375
1 0.007992187500000001 0.722125 0.015984375000000002 0.037679687499999996
1 0.0057109375 0.883609375 0.011414062499999999 0.23277343749999999
1 0.07192968749999999 0.9761562500000001 0.0273984375 0.0251171875
1 0.16440625 0.9955 0.03425 0.009
1 0.1170234375 0.8071875000000001 0.030828125 0.0411015625
1 0.0770625 0.7575234375 0.0216953125 0.0422421875
1 0.25232031250000003 0.772359375 0.047953125 0.0605078125
1 0.244328125 0.8688359374999999 0.084484375 0.050234375
1 0.2814296875 0.9213515624999999 0.01484375 0.0411015625
1 0.4920703125 0.9852890625 0.0753515625 0.0228359375
1 0.4915 0.7860625 0.08562499999999999 0.1861015625
1 0.485796875 0.6102421875 0.07878125 0.14728125
1 0.184953125 0.5485859375000001 0.03425 0.051375000000000004
1 0.2534609375 0.601109375 0.059367187499999995 0.0901953125
1 0.2077890625 0.585125 0.0433828125 0.0445234375
1 0.21292968750000002 0.4955 0.037679687499999996 0.07763281250000001
1 0.268296875 0.3841796875 0.03653125 0.051375000000000004
1 0.1735390625 0.2717265625 0.057085937499999996 0.057085937499999996
1 0.2568828125 0.1324375 0.03653125 0.09818750000000001
1 0.22434375 0.101609375 0.037679687499999996 0.038820312499999995
1 0.210640625 0.1683984375 0.033109375 0.030828125
1 0.1929453125 0.0633671875 0.0411015625 0.049093750000000005
1 0.1438515625 0.0508046875 0.031968750000000004 0.035390624999999995
1 0.47209375 0.44982812499999997 0.037679687499999996 0.045671875
1 0.47780468750000005 0.4983515625 0.0445234375 0.0239765625
1 0.7409687500000001 0.8157500000000001 0.10046875 0.22948437500000002
1 0.7266953125 0.9704453125000001 0.0399609375 0.045671875
1 0.7255546875000001 0.654765625 0.035390624999999995 0.0605078125
1 0.7683671875 0.59140625 0.052515624999999996 0.052515624999999996
1 0.7386796875 0.5257578125 0.0411015625 0.037679687499999996
1 0.6741796875 0.43727343750000003 0.037679687499999996 0.0753515625
1 0.746671875 0.35335937500000003 0.082203125 0.2865703125
1 0.6970078125 0.1124609375 0.030828125 0.049093750000000005
1 0.8243124999999999 0.0793515625 0.018265625 0.0422421875
1 0.9744453125 0.024546875000000003 0.0399609375 0.049093750000000005
1 0.9670234375 0.212359375 0.0411015625 0.03425
1 0.9721640624999999 0.371625 0.0285390625 0.035390624999999995
1 0.990359375 0.42185937500000004 0.0192734375 0.0285390625
1 0.9897890625000001 0.5109140625 0.020421875 0.0605078125
1 0.9750156249999999 0.594828125 0.018265625 0.086765625
1 0.9875703124999999 0.684453125 0.015984375000000002 0.0399609375
1 0.9914999999999999 0.848859375 0.0169921875 0.0399609375
0 0.981796875 0.9875078125 0.036398437500000005 0.024984375
1 0.9584609374999999 0.099328125 0.0216953125 0.0411015625
1 0.9213515624999999 0.09590625 0.0616484375 0.054804687500000004
1 0.9920703124999999 0.1352890625 0.0158515625 0.1061796875
1 0.12045312500000001 0.23747656250000002 0.0399609375 0.0251171875