0 0.126140625 0.0295546875 0.068609375 0.059109375
0 0.13353125 0.3198359375 0.0580546875 0.116109375
0 0.415890625 0.2623125 0.10555468750000001 0.1319453125
0 0.097109375 0.6359765625 0.059109375 0.14460937499999998
0 0.411140625 0.5948125 0.0770546875 0.1340546875
0 0.7362578125 0.554703125 0.051726562499999997 0.10028125000000002
0 0.73309375 0.23064062500000002 0.0475 0.08128125
0 0.3984765625 0.9375312499999999 0.0665 0.1249296875
1 0.13089062499999998 0.7874531250000001 0.021109375 0.02321875
1 0.14725 0.8222890625 0.0221640625 0.0464453125
1 0.1150546875 0.8365390625 0.03378125 0.032718750000000005
1 0.10925 0.882453125 0.026390625 0.035890624999999995
1 0.1509453125 0.8792890625 0.019 0.042226562499999995
1 0.1081953125 0.9565312499999999 0.045390625000000004 0.08692968749999999
1 0.164671875 0.9723671875000001 0.061226562500000005 0.055265625
1 0.158859375 0.5937578125 0.045390625000000004 0.1847265625
1 0.1324765625 0.4633984375 0.0369453125 0.054890625000000005
1 0.1625546875 0.478703125 0.0253359375 0.039054687500000004
1 0.159390625 0.40745312499999997 0.0253359375 0.042226562499999995
1 0.13089062499999998 0.1984453125 0.0485546875 0.12244531249999999
1 0.1514765625 0.102390625 0.0411640625 0.0802265625
1 0.4486171875 0.8718984375 0.0295546875 0.040109375
1 0.45178124999999997 0.939453125 0.040109375 0.073890625
1 0.39372656250000004 0.7130390625 0.03378125 0.08128125
1 0.42803125 0.768453125 0.051726562499999997 0.107671875
1 0.3990078125 0.8597578125 0.021109375 0.024281249999999997
1 0.45178124999999997 0.39372656250000004 0.0295546875 0.10978125000000001
1 0.41431250000000003 0.3847578125 0.0200546875 0.0221640625
1 0.41431250000000003 0.420640625 0.0221640625 0.024281249999999997
1 0.4433359375 0.502453125 0.0443359375 0.0633359375
1 0.4697265625 0.5362265625 0.019 0.02321875
1 0.16889062500000002 0.030609375 0.02321875 0.061226562500000005
1 0.45600781250000005 0.012140624999999999 0.0443359375 0.024281249999999997
1 0.40270312500000005 0.0438046875 0.026390625 0.028499999999999998
1 0.45653125 0.05647656250000001 0.04328125 0.0411640625
1 0.39003125 0.0886640625 0.017945312499999998 0.027445312500000003
1 0.40745312499999997 0.1340546875 0.027445312500000003 0.038
1 0.4491484375 0.16889062500000002 0.039054687500000004 0.0485546875
1 0.439640625 0.09078125000000001 0.051726562499999997 0.0316640625
1 0.7916796875000001 0.9700703125000001 0.040109375 0.059109375
1 0.8106796875000001 0.9294296875000001 0.0253359375 0.028499999999999998
1 0.8080390625 0.8872031249999999 0.045390625000000004 0.045390625000000004
1 0.7167343749999999 0.9347031250000001 0.038 0.064390625
1 0.706171875 0.853953125 0.0464453125 0.061226562500000005
1 0.754734375 0.8671484375 0.0316640625 0.060164062500000004
1 0.6987890625000001 0.7584296875 0.035890624999999995 0.0475
1 0.7251796875000001 0.8011796875 0.0485546875 0.054890625000000005
1 0.6898125 0.52778125 0.039054687500000004 0.073890625
1 0.6940390625 0.635453125 0.0369453125 0.11399999999999999
1 0.7325625 0.6433671875 0.042226562499999995 0.1045
1 0.8159531250000001 0.5705312499999999 0.05278125 0.0728359375
1 0.78059375 0.5177578125 0.017945312499999998 0.032718750000000005
1 0.8090937500000001 0.6887578125 0.0200546875 0.0369453125
1 0.76634375 0.7125078125 0.03378125 0.076
1 0.8090937500000001 0.7457578125000001 0.034835937500000004 0.060164062500000004
1 0.787984375 0.4438671875 0.0538359375 0.0728359375
1 0.7937890624999999 0.32722656250000004 0.0464453125 0.061226562500000005
1 0.72359375 0.43014062500000005 0.032718750000000005 0.039054687500000004
1 0.6887578125 0.46867187499999996 0.032718750000000005 0.0485546875
1 0.706703125 0.34675781250000004 0.0580546875 0.0939453125
1 0.773203125 0.2506953125 0.030609375 0.0559453125
1 0.773734375 0.1752265625 0.03378125 0.0464453125
1 0.7763671875 0.10397656250000001 0.039054687500000004 0.083390625
1 0.707234375 0.0058046875 0.05278125 0.011609375
1 0.6671171874999999 0.049085937499999996 0.042226562499999995 0.0580546875
1 0.72359375 0.0659765625 0.032718750000000005 0.049609375
1 0.687171875 0.1578046875 0.050664062499999996 0.14250000000000002