0 0.25265624999999997 0.06846875 0.0904609375 0.1361484375
0 0.1940625 0.309609375 0.09828125 0.1379609375
0 0.178828125 0.5827656250000001 0.10688281250000001 0.1725546875
0 0.16496093750000002 0.8026171874999999 0.1064921875 0.18257812499999998
0 0.4936484375 0.9246640625 0.064640625 0.11026562499999999
0 0.4995078125 0.6638046875 0.05292187499999999 0.11978906250000002
0 0.541109375 0.3873203125 0.0697109375 0.11370312499999999
0 0.57215625 0.12060156250000001 0.07322656250000001 0.11932812500000001
0 0.8389296875 0.1092734375 0.0989609375 0.16697656249999998
0 0.7947968750000001 0.39884375 0.065375 0.09378125000000001
0 0.7883515625 0.6989453125 0.087640625 0.14320312500000001
0 0.7528046875000001 0.938671875 0.118109375 0.12265625
1 0.034375 0.2810859375 0.06875 0.1981171875
1 0.10149999999999999 0.0483671875 0.06340625 0.06079687499999999
1 0.1792265625 0.1211953125 0.037351562500000005 0.077546875
1 0.045640625000000004 0.0604609375 0.051437500000000004 0.120921875
1 0.2637890625 0.2982890625 0.049453125 0.0606484375
1 0.25109375 0.3748359375 0.0376484375 0.057476562499999995
1 0.1503203125 0.4771484375 0.057671875 0.027742187499999998
1 0.27140624999999996 0.5269296875 0.06546093750000001 0.0843359375
1 0.1300078125 0.5740000000000001 0.032671875 0.0339296875
1 0.1178984375 0.6802109375 0.0475234375 0.074484375
1 0.433109375 0.966015625 0.060750000000000005 0.06796875
1 0.4540078125 0.697375 0.0595703125 0.20256249999999998
1 0.492484375 0.780578125 0.03925 0.0486484375
1 0.4780234375 0.4835625 0.0646484375 0.23978125
1 0.516703125 0.5798515625 0.0376953125 0.053453125000000004
1 0.4987265625 0.32875 0.051359375 0.07468749999999999
1 0.5385703125 0.2893125 0.037296875 0.0661171875
1 0.5534140625 0.21824218750000002 0.0513515625 0.0489765625
1 0.8082734374999999 0.593515625 0.10403906249999999 0.07296875
1 0.770578125 0.5029140625 0.07943750000000001 0.09489062499999999
1 0.94790625 0.712625 0.0591015625 0.0689921875
1 0.8973281249999999 0.95625 0.06340625 0.0875
1 0.7656953125 0.8324999999999999 0.10482812500000001 0.1290625
1 0.948890625 0.935609375 0.05221875 0.038406249999999996
1 0.8231171875 0.2777890625 0.039984375 0.054804687500000004
1 0.8488906249999999 0.33734375 0.060289062500000004 0.0450078125
1 0.861 0.013203125 0.07668749999999999 0.0263984375
1 0.845578125 0.412109375 0.0361875 0.0343671875
1 0.1327421875 0.97578125 0.030328125 0.0484375
1 0.267109375 0.9688203124999999 0.0490546875 0.0579609375