1 0.15234375 0.4140625 0.0640625 0.14375
1 0.1625 0.62265625 0.071875 0.2640625
1 0.1796875 0.846875 0.059375 0.115625
1 0.4046875 0.05859375 0.128125 0.1109375
1 0.271875 0.28828125 0.06875 0.1015625
1 0.37578125 0.64375 0.1546875 0.175
1 0.4546875 0.8078125 0.0375 0.15625
1 0.4375 0.31953125 0.06875 0.1671875
1 0.34140625 0.52421875 0.0328125 0.0421875
1 0.42109375 0.95703125 0.0640625 0.0765625
1 0.3484375 0.8703125 0.034375 0.0375
1 0.24609375 0.740625 0.0296875 0.053125
1 0.684375 0.1984375 0.09375 0.39375
1 0.6953125 0.58828125 0.103125 0.2328125
1 0.69453125 0.8671875 0.1328125 0.171875
1 0.6359375 0.96953125 0.0625 0.0609375
1 0.978125 0.05078125 0.04375 0.0671875
1 0.9546875 0.25390625 0.090625 0.2953125
1 0.95546875 0.6109375 0.0890625 0.378125
1 0.96171875 0.93828125 0.0703125 0.1046875
0 0.15 0.14609375 0.10625 0.1859375
0 0.42734375 0.45859375 0.0984375 0.1453125
0 0.14921875 0.940625 0.1109375 0.11875
0 0.41328125 0.78515625 0.0828125 0.1609375
0 0.70078125 0.42734375 0.0796875 0.0859375
0 0.9703125 0.840625 0.059375 0.115625
0 0.42890625 0.1734375 0.0765625 0.10625