0 0.058734375000000005 0.13055468750000002 0.10597656250000001 0.1743828125
0 0.044140625 0.39766406249999997 0.08828125 0.1773515625
0 0.0216796875 0.6450625 0.043359375 0.0979296875
0 0.27061718749999997 0.942578125 0.0795234375 0.11484375
0 0.31378125 0.6690625 0.0838125 0.19671875
0 0.3397578125 0.41875 0.08497656249999999 0.1414140625
0 0.3805703125 0.0940390625 0.10020312499999999 0.1880703125
0 0.716875 0.227015625 0.0775 0.1095
0 0.6760546875 0.49178125 0.077890625 0.12340625000000001
0 0.6448125 0.8653046874999999 0.0778984375 0.132171875
0 0.9376953125 0.915234375 0.124609375 0.16953125
0 0.954296875 0.6255234375 0.09140625 0.183859375
0 0.966015625 0.253375 0.06796875 0.16921875
0 0.9865234375 0.03996875 0.026953125 0.07134375
0 0.7282031250000001 0.014593749999999999 0.04546875 0.028398437500000002
1 0.03046875 0.2611875 0.0609375 0.0880078125
1 0.0388125 0.022203125 0.0755 0.04440625
1 0.0743515625 0.6505234375 0.0658828125 0.10886718749999999
1 0.1432890625 0.6003437500000001 0.07485937499999999 0.1373984375
1 0.0973984375 0.907421875 0.083328125 0.18515625
1 0.66609375 0.639453125 0.060335937500000006 0.168484375
1 0.34483593749999997 0.262171875 0.040453125 0.0704296875
1 0.6479375 0.2641171875 0.0372734375 0.0821484375
1 0.6791796875 0.0651484375 0.05289843749999999 0.130296875
1 0.7198046875 0.08527343750000001 0.0377265625 0.05257031250000001
1 0.7000859375 0.3248515625 0.0295234375 0.0387578125
1 0.687390625 0.4023671875 0.0385078125 0.039882812499999996
1 0.6565234375 0.7608515625 0.0700859375 0.059984375
1 0.6426640625 0.9669921875 0.054070312499999995 0.066015625
1 0.957671875 0.774125 0.0708125 0.10215624999999999
1 0.9640625 0.461515625 0.071875 0.13709375
1 0.9708984375 0.1247109375 0.058203125 0.0767578125
1 0.1682890625 0.7091093749999999 0.0470078125 0.0385390625
1 0.0119140625 0.792875 0.023828125 0.06153125
1 0.047984375 0.9689453125 0.024875 0.062109375
1 0.8016328125 0.24284374999999997 0.036078125 0.0435
1 0.854953125 0.25065624999999997 0.029429687500000003 0.0434921875