0 0.18696875 0.511734375 0.097203125 0.15437499999999998
0 0.162953125 0.7947578125 0.08347656249999999 0.141796875
0 0.4419765625 0.2144140625 0.058320312500000006 0.097203125
0 0.431109375 0.8079062499999999 0.0571796875 0.099484375
0 0.674109375 0.9671328125 0.058320312500000006 0.065734375
0 0.6792578125000001 0.4528359375 0.0503125 0.08004687499999999
0 0.681546875 0.2058359375 0.0594609375 0.09834375
0 0.9171171875 0.13836718750000002 0.0640390625 0.08462499999999999
0 0.9245468750000001 0.7764609375 0.0720390625 0.08690624999999999
0 0.9182578124999999 0.9774218749999999 0.0594609375 0.0451484375
1 0.42996875 0.5048671875 0.0823359375 0.47456250000000005
1 0.4219609375 0.9391171875 0.0754765625 0.12176562500000002
1 0.1681015625 0.6866953125 0.043453124999999995 0.053742187500000003
1 0.1275078125 0.604359375 0.0331640625 0.05603125
1 0.1886796875 0.623796875 0.02515625 0.06746875
1 0.218984375 0.5952109375 0.030875000000000003 0.046882812499999996
1 0.141796875 0.3470625 0.029734375 0.044601562500000004
1 0.1663828125 0.3396328125 0.0194375 0.068609375
1 0.1498046875 0.3882265625 0.0228671875 0.024015625
1 0.20640624999999999 0.40538281249999997 0.042312499999999996 0.0720390625
1 0.20240624999999998 0.3293359375 0.043453124999999995 0.066328125
1 0.19954687499999998 0.19954687499999998 0.0263046875 0.037734375
1 0.1469453125 0.201265625 0.035453125 0.0411640625
1 0.18067968750000002 0.12350000000000001 0.0731875 0.10978125000000001
1 0.17382031250000002 0.0314453125 0.0228671875 0.024015625
1 0.2046953125 0.016578125 0.02515625 0.024015625
1 0.2001171875 0.061750000000000006 0.018296875 0.02515625
1 0.43511718750000006 0.0851875 0.058320312500000006 0.170375
1 0.681546875 0.82734375 0.029734375 0.0720390625
1 0.685546875 0.723859375 0.024015625 0.0343046875
1 0.6763984375 0.6478125 0.0263046875 0.040023437499999995
1 0.6466640625 0.5528984375 0.0263046875 0.05603125
1 0.66325 0.393375 0.032015625 0.04803125
1 0.6523828125 0.11892968749999999 0.0194375 0.027445312500000003
1 0.694125 0.12178906249999999 0.0343046875 0.046882812499999996
1 0.675828125 0.062890625 0.08004687499999999 0.054890625000000005
1 0.69240625 0.0177265625 0.044601562500000004 0.035453125
1 0.9834375 0.9825703125 0.027445312500000003 0.034859375
1 0.9485625000000001 0.9011015625000001 0.040023437499999995 0.032015625
1 0.90796875 0.9153984375 0.027445312500000003 0.0331640625
1 0.9565625000000001 0.8262031249999999 0.021726562499999998 0.035453125
1 0.9376953125 0.9462734375 0.020585937500000002 0.035453125
1 0.9211171874999999 0.5723359375 0.040023437499999995 0.0651796875
1 0.94684375 0.5306015625 0.0411640625 0.0640390625
1 0.9805781250000001 0.5060156250000001 0.024015625 0.040023437499999995
1 0.9256875000000001 0.4191015625 0.046882812499999996 0.042312499999999996
1 0.90796875 0.3579296875 0.0411640625 0.029734375
1 0.8942421875000001 0.32990624999999996 0.029734375 0.040023437499999995
1 0.93884375 0.327625 0.029734375 0.10177343750000001
1 0.9605703125 0.284171875 0.0228671875 0.040023437499999995
1 0.9142578125 0.2184140625 0.05603125 0.0526015625
1 0.905109375 0.27502343749999997 0.028585937500000002 0.0263046875
1 0.9319765625 0.0360234375 0.032015625 0.0720390625
1 0.8999609375000001 0.0823359375 0.03659375 0.045742187499999996