0 0.0975546875 0.059890624999999996 0.10125781250000002 0.11978124999999999
0 0.1000234375 0.3451484375 0.11360937499999998 0.161765625
0 0.0950859375 0.6384296875000001 0.0913828125 0.13089843750000002
0 0.0938515625 0.9352890625000001 0.08149999999999999 0.129421875
0 0.3439140625 0.9224453125000001 0.077796875 0.153125
0 0.3599609375 0.3321796875 0.0901484375 0.1333671875
0 0.3667578125 0.062359374999999995 0.08396875000000001 0.12225
0 0.648921875 0.07903125 0.080265625 0.125953125
0 0.6365703125 0.41614843749999997 0.06544531249999999 0.1432421875
0 0.635953125 0.7477109375000001 0.0518671875 0.06791406250000001
1 0.164234375 0.17967187499999998 0.039515625 0.04815625
1 0.06915625 0.169796875 0.034578125 0.040749999999999995
1 0.133984375 0.159296875 0.03334375 0.037046875
1 0.11854687500000001 0.234625 0.0765625 0.05680468749999999
1 0.13707031249999999 0.49456249999999996 0.034578125 0.112375
1 0.10310937499999999 0.495796875 0.040749999999999995 0.0506328125
1 0.121015625 0.5816250000000001 0.041984375000000004 0.0518671875
1 0.09940625 0.8218046875 0.0456875 0.10496093749999999
1 0.3920703125 0.9051562499999999 0.03828125 0.0963203125
1 0.330328125 0.7785859375 0.0259296875 0.04815625
1 0.3729296875 0.7699374999999999 0.05680468749999999 0.03828125
1 0.356875 0.6446015625 0.07409375 0.0913828125
1 0.37786718750000003 0.48715624999999996 0.08149999999999999 0.1790546875
1 0.40318750000000003 0.24203125 0.030875000000000003 0.041984375000000004
1 0.3655234375 0.1815234375 0.044453124999999996 0.0543359375
1 0.6112578125 0.96678125 0.049398437499999996 0.06643750000000001
1 0.6884375 0.9551718749999999 0.03828125 0.0531015625
1 0.694609375 0.8508203125 0.0456875 0.0889140625
1 0.6001484375 0.8576171875 0.032109375 0.055570312499999996
1 0.6124921875 0.8989843750000001 0.05680468749999999 0.0246953125
1 0.5933515625 0.7810546875 0.0160546875 0.035812500000000004
1 0.60446875 0.819953125 0.040749999999999995 0.032109375
1 0.6760859375 0.7421562500000001 0.0234609375 0.0889140625
1 0.5964375000000001 0.70140625 0.029640624999999997 0.044453124999999996
1 0.6137265625 0.621140625 0.05680468749999999 0.11854687500000001
1 0.7118984375 0.4420859375 0.03334375 0.059273437500000005
1 0.597671875 0.5235859375 0.044453124999999996 0.046921875
1 0.6699140625 0.508765625 0.0629765625 0.0518671875
1 0.6625078125 0.4723359375 0.035812500000000004 0.035812500000000004
1 0.671765625 0.3130390625 0.022226562499999998 0.028398437500000002
1 0.613109375 0.31859375 0.03828125 0.05680468749999999
1 0.6439843749999999 0.27414062499999997 0.0234609375 0.034578125
1 0.6804140624999999 0.23030468750000002 0.029640624999999997 0.035812500000000004
1 0.61990625 0.192640625 0.0666796875 0.125953125