1 0.2333203125 0.2906875 0.0010234375 0.01028125
0 0.0403125 0.024453125 0.0521953125 0.04890625
0 0.5150234375 0.0482890625 0.09321874999999999 0.096578125
0 0.7707734375 0.027875 0.066796875 0.050171875
0 0.046015625 0.2212890625 0.061078125000000004 0.0893671875
0 0.506140625 0.3320078125 0.070390625 0.10528124999999999
0 0.764046875 0.2872421875 0.045734375 0.06903125
0 0.5176875 0.5904921875 0.0858671875 0.11983593749999999
0 0.26865625 0.4913046875 0.09275781250000001 0.1599765625
0 0.0441171875 0.451234375 0.054734375 0.10013281249999999
0 0.032445312500000004 0.6608828124999999 0.061843749999999996 0.1109140625
0 0.763671875 0.524796875 0.0424375 0.0848671875
1 0.2690390625 0.0325625 0.065609375 0.0651328125
1 0.015570312499999999 0.12540625 0.030632812500000002 0.0904453125
1 0.05121875 0.11474218750000001 0.0486484375 0.119875
1 0.021406249999999998 0.28725 0.0270859375 0.028445312499999997
1 0.015953125000000002 0.3712109375 0.02784375 0.051226562499999996
1 0.055281250000000004 0.3567421875 0.03646875 0.096390625
1 0.012023437500000001 0.47610156249999996 0.02353125 0.0686640625
1 0.054140625 0.7915078125 0.0265703125 0.0296015625
1 0.032445312500000004 0.834375 0.041546875 0.0392109375
1 0.01925 0.739125 0.035453125 0.039015625
1 0.0744375 0.7518046875 0.03671875 0.0440859375
1 0.24912499999999999 0.6002421874999999 0.0384609375 0.053054687499999996
1 0.2947890625 0.59846875 0.038453125 0.0342890625
1 0.260796875 0.654015625 0.041507812500000005 0.0489609375
1 0.0347265625 0.9816015625000001 0.030890624999999998 0.036796875
1 0.287609375 0.1409375 0.057859375000000005 0.14603125
1 0.24553906250000002 0.1160078125 0.0307734375 0.031984374999999995
1 0.2670234375 0.279609375 0.0220390625 0.038304687500000004
1 0.2932265625 0.2692734375 0.026664062500000002 0.0675390625
1 0.29162499999999997 0.219015625 0.028453125000000003 0.0312109375
1 0.2896640625 0.379453125 0.0423515625 0.0258359375
1 0.30160156250000003 0.422671875 0.027023437500000004 0.039171875
1 0.52853125 0.23835156249999997 0.0351875 0.07521875
1 0.47024218749999996 0.22507812500000002 0.0291328125 0.043328125
1 0.483078125 0.1805234375 0.03340625 0.0326640625
1 0.49484374999999997 0.2154609375 0.0215 0.032945312500000004
1 0.4815625 0.25778124999999996 0.025031249999999998 0.032078125
1 0.42540625 0.21625 0.037515625000000004 0.0738046875
1 0.5206875 0.12313281250000001 0.0195 0.0248515625
1 0.7283593749999999 0.0450703125 0.0176796875 0.0541328125
1 0.7668671875 0.0745703125 0.051898437500000005 0.03646875
1 0.7599140625 0.16695312499999998 0.08434375 0.169546875
1 0.9827578125 0.0288515625 0.027296874999999998 0.05200781249999999
1 0.9863359375 0.0835703125 0.027328124999999998 0.0366484375
1 0.9867812499999999 0.1671484375 0.026437500000000003 0.0790078125
1 0.9881953125 0.2522578125 0.022125 0.0513359375
1 0.9844609375 0.31257812500000004 0.031070312500000002 0.08462499999999999
1 0.9840937500000001 0.42525781250000005 0.025289062499999997 0.12500781249999998
1 0.985703125 0.5808984374999999 0.0256484375 0.1381328125
1 0.531046875 0.5057578125 0.022382812499999998 0.034203125
1 0.48915625 0.46850781250000006 0.020609375 0.020328125
1 0.450203125 0.397578125 0.0371875 0.04246875
1 0.4819296875 0.532578125 0.029343750000000002 0.0290234375
1 0.434875 0.6577734375000001 0.027921875000000002 0.0565703125
1 0.48335937500000004 0.6779140625 0.0321953125 0.0718828125
1 0.76465625 0.40228125 0.095609375 0.1570625
1 0.8022656250000001 0.3102421875 0.0389140625 0.060343749999999995
1 0.725171875 0.522765625 0.03625 0.1056640625
1 0.797015625 0.55603125 0.023296875 0.05065625
1 0.7550234375 0.6288046875 0.1048828125 0.107375
1 0.75190625 0.7245859375 0.0469453125 0.077875
1 0.7925546875 0.75684375 0.026968750000000003 0.07321093749999999
0 0.7511953124999999 0.8014921875000001 0.0526484375 0.076578125
0 0.2772890625 0.7512187499999999 0.10496093749999999 0.15431250000000002
0 0.27203125 0.9783125 0.0570078125 0.0433671875
1 0.246 0.9161250000000001 0.040609374999999996 0.047343750000000004
1 0.275953125 0.8516953125000001 0.0505859375 0.0521953125
1 0.28878906249999997 0.9192421875000001 0.02634375 0.0624921875
1 0.1711328125 0.8667578125000001 0.0334921875 0.05200781249999999
1 0.5388828125 0.8104296874999999 0.052328125 0.09624218749999999
1 0.49699218749999996 0.8537421875 0.043421875 0.0723359375
1 0.5531484375 0.6968203125 0.0380625 0.0526484375
1 0.7628671875 0.9529140625 0.1134375 0.0941796875
1 0.7805234375000001 0.8650546875 0.0239453125 0.082484375
1 0.804671875 0.8290625 0.0241171875 0.046156249999999996
1 0.990796875 0.8286953125000001 0.0184140625 0.123859375
1 0.990796875 0.6961640625000001 0.0184140625 0.026382812500000002
1 0.34297656249999997 0.2801796875 0.0420234375 0.07865625000000001