0 0.1667734375 0.202734375 0.08740624999999999 0.1827421875
0 0.57334375 0.07145312499999999 0.0980859375 0.1422890625
0 0.5884140625 0.44421875 0.1014375 0.186921875
0 0.9817343749999999 0.397484375 0.0365234375 0.171578125
0 0.1334296875 0.5586171875 0.0821015625 0.12889062499999998
1 0.34216406250000003 0.5203828125000001 0.27746875000000004 0.184125
1 0.5884140625 0.255046875 0.1516640625 0.195859375
1 0.450984375 0.361765625 0.059835937500000005 0.0610859375
1 0.4477734375 0.3998515625 0.0846640625 0.053554687499999996
1 0.267234375 0.39190625 0.0706796875 0.074484375
1 0.335171875 0.412828125 0.06687499999999999 0.032625
1 0.142078125 0.6614296875 0.064796875 0.07446875
1 0.2161640625 0.6405000000000001 0.055609375 0.0560546875
1 0.31341406250000003 0.6232031250000001 0.040273437499999995 0.030390624999999998
1 0.35526562500000003 0.6416171875 0.0369375 0.057171875000000004
1 0.42084374999999996 0.6576640625 0.0866171875 0.0836796875
1 0.49088281250000004 0.632546875 0.0369609375 0.0836796875
1 0.5083203125 0.484671875 0.06737499999999999 0.245515625
1 0.5695703125 0.572703125 0.05371875 0.06778125
1 0.529390625 0.7701015625000001 0.0403125 0.05632812499999999
1 0.55953125 0.67440625 0.0938984375 0.127203125
1 0.66165625 0.631296875 0.057078125 0.0744765625
1 0.749140625 0.484671875 0.2119609375 0.22040625
1 0.758625 0.3266171875 0.08249218750000001 0.097921875
1 0.863265625 0.3282890625 0.0808359375 0.08787500000000001
1 0.191609375 0.038109375 0.0377421875 0.0655625
1 0.1623125 0.088890625 0.0394140625 0.0343125
1 0.3209453125 0.09265625 0.0921796875 0.10210937499999999
1 0.2795078125 0.2733203125 0.046132812499999995 0.0772734375
1 0.23542187499999997 0.3178203125 0.0706796875 0.09038281249999999
1 0.34466406250000003 0.290203125 0.0413984375 0.0887109375
1 0.45572656250000004 0.270390625 0.036953124999999996 0.0848046875
1 0.42474999999999996 0.2913125 0.0252265625 0.0362578125
1 0.703515625 0.0979609375 0.053742187500000003 0.0580234375
1 0.9570234375 0.21849218750000002 0.0507109375 0.0915
1 0.8925625 0.1424609375 0.04903125 0.0811796875
1 0.6763046875 0.23635156249999997 0.0308125 0.053554687499999996
1 0.68453125 0.30289062499999997 0.052296875 0.069453125
1 0.7263984375 0.176921875 0.034765625 0.0518828125
1 0.8793124999999999 0.6861328125 0.0236328125 0.0368203125
1 0.8776328124999999 0.7602109375 0.02028125 0.051046875000000005
1 0.837875 0.77596875 0.0311640625 0.037929687499999996
1 0.798390625 0.8333046875000001 0.06491406250000001 0.11577343749999999
1 0.7533203125 0.8810234375 0.026125 0.043789062499999996
1 0.9797812499999999 0.532390625 0.0404296875 0.0864921875
1 0.06896875 0.5270859375 0.05028125 0.1171796875
1 0.11068750000000001 0.4684921875 0.0354921875 0.0535625
1 0.6328125 0.8484375 0.153125 0.209375
1 0.7078125 0.71484375 0.196875 0.0578125
1 0.78125 0.659375 0.18125 0.078125