0 0.022265625 0.038820312499999995 0.0445234375 0.07763281250000001
0 0.0296875 0.2905625 0.059367187499999995 0.129015625
0 0.0285390625 0.7740781250000001 0.057078125 0.1096015625
0 0.5069140625 0.08334375000000001 0.079921875 0.12330468750000001
0 0.49721093749999995 0.33566406249999997 0.07878125 0.116453125
0 0.51034375 0.545734375 0.0616484375 0.10046875
0 0.5069140625 0.864265625 0.052515624999999996 0.0753515625
0 0.7478125 0.8248828125 0.0730703125 0.062796875
0 0.7346874999999999 0.590828125 0.0605078125 0.0901953125
0 0.7363984375 0.3419375 0.054804687500000004 0.0764921875
0 0.9533203125 0.017695312499999998 0.050234375 0.035390624999999995
0 0.968734375 0.45725 0.051375000000000004 0.0901953125
0 0.9675312500000001 0.9458984375 0.0558125 0.067359375
1 0.013703125 0.40245312499999997 0.0273984375 0.08562499999999999
1 0.0165546875 0.5194765625 0.033109375 0.047953125
1 0.0325390625 0.47837500000000005 0.026257812499999998 0.0296875
1 0.03825 0.54459375 0.0285390625 0.0411015625
1 0.018265625 0.661046875 0.0251171875 0.13471875
1 0.0359609375 0.851140625 0.030828125 0.0422421875
1 0.030257812499999998 0.952125 0.0559453125 0.09575
1 0.030257812499999998 0.8899765625 0.026257812499999998 0.0285390625
1 0.23747656250000002 0.7854921874999999 0.038820312499999995 0.06393750000000001
1 0.26373437499999997 0.851140625 0.0296875 0.030828125
1 0.1193046875 0.8505703125 0.033109375 0.0251171875
1 0.2408984375 0.620515625 0.0273984375 0.067359375
1 0.28028906249999996 0.5171953125 0.030828125 0.045671875
1 0.5097734375 0.9549687499999999 0.07192968749999999 0.0900625
1 0.473234375 0.865984375 0.0216953125 0.08106250000000001
1 0.48864843750000003 0.6250859375 0.031968750000000004 0.033109375
1 0.48465625 0.6701796875 0.0285390625 0.0296875
1 0.5251796875 0.6838828125 0.03653125 0.03653125
1 0.2631640625 0.3516484375 0.08334375000000001 0.0753515625
1 0.2420390625 0.2568828125 0.0273984375 0.0730703125
1 0.2557421875 0.111890625 0.038820312499999995 0.082203125
1 0.48864843750000003 0.23918750000000003 0.03653125 0.062796875
1 0.46125 0.18153125 0.03653125 0.052515624999999996
1 0.517765625 0.1701171875 0.0216953125 0.03425
1 0.54059375 0.156984375 0.026257812499999998 0.0605078125
1 0.45553906250000004 0.10846093750000001 0.031968750000000004 0.12330468750000001
1 0.5046328124999999 0.0142734375 0.0936171875 0.0285390625
1 0.7438203125 0.9315625000000001 0.05365625 0.136875
1 0.7289765625 0.7672265625 0.07878125 0.057085937499999996
1 0.733546875 0.7021484375 0.067359375 0.057085937499999996
1 0.74325 0.6581953125 0.052515624999999996 0.030828125
1 0.7369687500000001 0.44526562500000005 0.08562499999999999 0.07763281250000001
1 0.7346874999999999 0.5257578125 0.097046875 0.033109375
1 0.7278359375 0.4920703125 0.0399609375 0.038820312499999995
1 0.7289765625 0.152984375 0.069640625 0.30369531250000004
1 0.9670234375 0.9852265625 0.06393750000000001 0.0295546875
1 0.95046875 0.8676953125000001 0.037679687499999996 0.0753515625
1 0.9447578125 0.798046875 0.067359375 0.057085937499999996
1 0.9738046875 0.7158515624999999 0.0478203125 0.1096015625
1 0.9847187500000001 0.8220234375000001 0.0285390625 0.146140625
1 0.969875 0.5931171875000001 0.033109375 0.1221640625
1 0.971015625 0.3562109375 0.026257812499999998 0.052515624999999996
1 0.9613125 0.308828125 0.0228359375 0.035390624999999995
1 0.9470468750000001 0.180390625 0.037679687499999996 0.03425
1 0.0605078125 0.0599375 0.020546875 0.1153125
1 0.035390624999999995 0.176390625 0.03425 0.1107421875
1 0.0102734375 0.2049375 0.020546875 0.051375000000000004
1 0.065078125 0.14728125 0.020546875 0.03653125
1 0.012562499999999999 0.1124609375 0.018265625 0.0468125