0 0.3046015625 0.2022109375 0.092796875 0.165359375
0 0.3112421875 0.49978125 0.098265625 0.16675
0 0.316125 0.785640625 0.05725 0.11346875000000001
0 0.5823125 0.8498749999999999 0.10915625 0.14428125
0 0.57371875 0.5798359375000001 0.09196875 0.147171875
0 0.5602421875 0.2799296875 0.07517968750000001 0.10985937500000001
0 0.8547499999999999 0.172734375 0.0954375 0.13374999999999998
0 0.8826796874999999 0.53825 0.092703125 0.13040625
1 0.0352890625 0.420046875 0.06589062500000001 0.63228125
1 0.0239609375 0.8703125 0.0479296875 0.259375
0 0.0184921875 0.945953125 0.0369921875 0.0676875
1 0.2967890625 0.962109375 0.092796875 0.07578125
1 0.2758984375 0.8785859374999999 0.0627265625 0.08061718749999999
1 0.3010859375 0.687234375 0.06233593750000001 0.10415624999999999
1 0.29014843749999997 0.36526562500000004 0.0404609375 0.057874999999999996
1 0.3835078125 0.2770078125 0.0318515625 0.0532421875
1 0.28624218749999997 0.084828125 0.0482734375 0.0595078125
1 0.5377890625 0.95625 0.051359375 0.0875
1 0.604578125 0.97578125 0.052125 0.0484375
1 0.5377890625 0.742671875 0.051359375 0.0665859375
1 0.5385703125 0.8137421874999999 0.021671875 0.05248437500000001
1 0.610828125 0.733875 0.033375 0.0997890625
1 0.5676640625 0.49742968750000005 0.0759609375 0.060484375
1 0.5256796875 0.3927734375 0.050578124999999995 0.0699140625
1 0.58915625 0.409359375 0.060750000000000005 0.1304375
1 0.54384375 0.16568750000000002 0.0517421875 0.06496874999999999
1 0.5952109375 0.1600078125 0.029117187500000002 0.1825234375
1 0.5428671875 0.0690390625 0.038078125000000004 0.070890625
1 0.8467421875 0.0590703125 0.0833359375 0.1095546875
1 0.8498671874999999 0.325 0.0895859375 0.1648515625
1 0.827609375 0.44958593750000003 0.0684921875 0.07808593750000001
1 0.82409375 0.511484375 0.03803125 0.10421093749999999
1 0.823703125 0.6594765625 0.0450625 0.1736328125
1 0.8799531249999999 0.6335234375 0.06118749999999999 0.0631328125
1 0.8668671874999999 0.71709375 0.044390625 0.0583984375
1 0.9324843749999999 0.7502890625 0.0399609375 0.038859375
1 0.8479140624999999 0.93128125 0.0778671875 0.10786718749999999
1 0.9063125 0.92890625 0.0358046875 0.1421875
0 0.55965625 0.0102734375 0.0951015625 0.019765625000000002
1 0.596765625 0.0421015625 0.0365078125 0.0248203125
1 0.6133671875 0.3716953125 0.0033046875000000003 0.019109375
0 0.8777968749999999 0.798109375 0.08684375 0.1618359375