0 0.158515625 0.3105 0.10330468749999999 0.2315390625
0 0.11517187499999999 0.6411796875 0.12823437499999998 0.2232265625
0 0.0789609375 0.9713828124999999 0.10330468749999999 0.0572265625
0 0.49810156250000004 0.7735703125 0.12467187500000002 0.20066406250000002
0 0.5277890625 0.42507812500000003 0.0985546875 0.168609375
0 0.55925 0.10211718750000001 0.0949921875 0.19235156250000002
0 0.950015625 0.125859375 0.09996875 0.1899765625
0 0.9356484375 0.48741406249999997 0.12823437499999998 0.2101640625
0 0.9089296875 0.86915625 0.14842187499999998 0.23272656249999998
1 0.4725703125 0.9814765624999999 0.06411718749999999 0.0370390625
1 0.2220390625 0.978390625 0.026125 0.030875000000000003
1 0.162671875 0.9832578125 0.0403671875 0.0334765625
1 0.0468984375 0.9635546875 0.043929687499999995 0.046304687500000004
1 0.0955859375 0.9231796875 0.0273125 0.051054687499999994
1 0.166828125 0.8946875000000001 0.043929687499999995 0.0320625
1 0.2172890625 0.8091953125 0.035625000000000004 0.0629296875
1 0.06886718750000001 0.7890078125 0.0379921875 0.0676796875
1 0.1015234375 0.8299765625 0.0249375 0.0451171875
1 0.09321093750000001 0.7830703125 0.0225625 0.0225625
1 0.25113281249999997 0.7242968750000001 0.043929687499999995 0.0498671875
1 0.1929453125 0.7670390625 0.0296875 0.028499999999999998
1 0.14545312500000002 0.8501562500000001 0.0534296875 0.0522421875
1 0.984328125 0.703515625 0.019 0.0296875
1 0.9255546875 0.712421875 0.034437499999999996 0.0379921875
1 0.2546875 0.461890625 0.0486796875 0.08074218749999999
1 0.2066015625 0.444078125 0.026125 0.0736171875
1 0.11576562500000001 0.4891953125 0.0605546875 0.059367187499999995
1 0.0225625 0.22678906250000003 0.0451171875 0.0759921875
1 0.0474921875 0.26359374999999996 0.026125 0.0569921875
1 0.3615546875 0.039773437499999995 0.1080546875 0.0795546875
1 0.31821875 0.112203125 0.0498671875 0.0795546875
1 0.3639296875 0.10211718750000001 0.0486796875 0.06886718750000001
1 0.23450781250000002 0.0694609375 0.0605546875 0.0534296875
1 0.170390625 0.05402343750000001 0.0534296875 0.046304687500000004
1 0.146640625 0.12348437500000001 0.0415546875 0.0379921875
1 0.108640625 0.168015625 0.034437499999999996 0.0368046875
1 0.23628906249999998 0.166234375 0.0546171875 0.03325
1 0.29862500000000003 0.151390625 0.0534296875 0.055804687500000005
1 0.3069375 0.3520546875 0.0391796875 0.07242968749999999
1 0.2273828125 0.30575 0.0368046875 0.051054687499999994
1 0.2546875 0.36214843750000003 0.0368046875 0.0736171875
1 0.6055625 0.30753125 0.0403671875 0.0427421875
1 0.6186171875 0.27784375 0.028499999999999998 0.0403671875
1 0.604375 0.3562109375 0.0498671875 0.0379921875
1 0.5111640625 0.547375 0.0534296875 0.0451171875
1 0.46485937499999996 0.7076718750000001 0.034437499999999996 0.0546171875
1 0.49632031249999997 0.6560234375 0.028499999999999998 0.0320625
1 0.88578125 0.6619609375 0.030875000000000003 0.0320625
1 0.26834375 0.9035859374999999 0.030875000000000003 0.0451171875
1 0.25232031250000003 0.9445546874999999 0.0249375 0.0249375
1 0.25825 0.9856328124999999 0.0130625 0.028726562500000004
1 0.4767265625 0.9077421875 0.0249375 0.0249375
1 0.3686796875 0.84896875 0.0320625 0.0379921875
1 0.010687499999999999 0.4933515625 0.021374999999999998 0.0249375
1 0.5325390624999999 0.2214453125 0.043929687499999995 0.0391796875
1 0.60615625 0.2250078125 0.034437499999999996 0.051054687499999994
1 0.9219921875000001 0.2487578125 0.017812500000000002 0.0534296875
1 0.9522734375 0.36096093749999997 0.026125 0.0498671875
1 0.8988437499999999 0.696984375 0.019 0.02375
1 0.8923125000000001 0.58121875 0.0225625 0.0653046875
1 0.6803671875 0.613875 0.028499999999999998 0.0546171875
1 0.12051562499999999 0.01365625 0.0581796875 0.0273125
1 0.2998125 0.3021875 0.0296875 0.0273125
1 0.051054687499999994 0.5355078125 0.026125 0.0474921875
1 0.0498671875 0.7142031249999999 0.028499999999999998 0.0819296875