0 0.031765625 0.09059375 0.0635234375 0.1811796875
0 0.024054687499999998 0.45332812499999997 0.048117187500000005 0.138328125
0 0.373640625 0.966484375 0.06690625 0.06703125
0 0.39525 0.6596953125 0.1199140625 0.164640625
0 0.43340625 0.33116406249999997 0.099234375 0.156375
0 0.46517187499999996 0.033453125 0.084578125 0.06690625
0 0.821328125 0.7848671875 0.09246875 0.12178906249999999
0 0.8690703125000001 0.49204687500000005 0.08645312499999999 0.1533671875
0 0.9192500000000001 0.1486640625 0.08983593749999999 0.125171875
1 0.17388281249999998 0.029148437500000002 0.0944765625 0.0574921875
1 0.2349921875 0.0195 0.0156796875 0.022109375
1 0.0663359375 0.059304687499999995 0.0217109375 0.025328125
1 0.116796875 0.0428203125 0.0156796875 0.028546875
1 0.1023203125 0.1722734375 0.0293515625 0.0381953125
1 0.157203125 0.1085546875 0.07075781249999999 0.094078125
1 0.1724765625 0.1813203125 0.025734374999999997 0.0482421875
1 0.2040390625 0.18634375 0.0156796875 0.024523437500000002
1 0.1413203125 0.2945 0.0960859375 0.162828125
1 0.0944765625 0.20484375 0.016078125 0.0156796875
1 0.0930703125 0.4237578125 0.0188984375 0.05065625
1 0.0725703125 0.3982265625 0.0205078125 0.034171875000000004
1 0.113375 0.4056640625 0.01528125 0.0482421875
1 0.1590078125 0.392796875 0.016484375000000002 0.02090625
1 0.134484375 0.39440624999999996 0.0205078125 0.033773437499999996
1 0.01121875 0.2048125 0.0224296875 0.044210937500000005
1 0.049539062499999995 0.22452343749999998 0.0150234375 0.023953125
1 0.076 0.21711718750000003 0.0121953125 0.024828125
1 0.0288515625 0.25108593749999997 0.017640625 0.0217734375
1 0.0256953125 0.288109375 0.0326640625 0.0500859375
1 0.0186171875 0.3456015625 0.0372421875 0.062281249999999996
1 0.034296875 0.38273437499999996 0.0198203125 0.030703124999999998
1 0.034296875 0.434453125 0.0224296875 0.0230859375
1 0.045187500000000005 0.5245 0.021562500000000002 0.027218750000000003
1 0.024609375 0.5405078125 0.017421875 0.030921874999999998
1 0.0074062500000000005 0.55978125 0.0139375 0.0206875
1 0.0051171875 0.6113906250000001 0.010234375 0.024609375
1 0.0219921875 0.625109375 0.016546875 0.038546875
1 0.004140625 0.6522187500000001 0.0082734375 0.0400703125
1 0.12892187500000002 0.6426406250000001 0.0139375 0.013500000000000002
1 0.027984375 0.6760703125 0.010671875 0.0259140625
1 0.009578125 0.6991484375 0.0139375 0.02853125
1 0.0087109375 0.7309453125 0.011757812500000001 0.0298359375
1 0.0046796875 0.7652421875 0.0089296875 0.02134375
1 0.035609375 0.7063359375 0.011539062499999999 0.015460937499999999
1 0.0325546875 0.7308359375 0.014593749999999999 0.0283125
1 0.0859140625 0.70209375 0.016765625 0.0187265625
1 0.045078125000000004 0.7935546875 0.011757812500000001 0.016117187499999998
1 0.059671875 0.7933359375 0.010453125 0.02003125
1 0.04921875 0.7596953125 0.0222109375 0.0394140625
1 0.0498671875 0.8474375000000001 0.0418125 0.093828125
1 0.082328125 0.8972109375 0.0334296875 0.0303046875
1 0.057023437499999996 0.9597031250000001 0.0353046875 0.0490546875
1 0.021718750000000002 0.9806328125 0.0240625 0.0346796875
1 0.014687500000000001 0.9126796875000001 0.0287421875 0.06936718750000001
1 0.0428046875 0.9165859375000001 0.02375 0.0421796875
1 0.00546875 0.7901953125000001 0.0109375 0.024375
1 0.19815624999999998 0.6611171875 0.0172734375 0.025265625000000003
1 0.1703046875 0.5691953125 0.0219140625 0.0389375
1 0.15303125 0.42467187500000003 0.0110859375 0.01753125
1 0.12660156250000001 0.440015625 0.02165625 0.035328125
1 0.394171875 0.1589609375 0.036515625 0.09809375000000001
1 0.44643750000000004 0.24613281250000002 0.026492187499999997 0.0540625
1 0.460046875 0.198875 0.0178984375 0.0225546875
1 0.3726875 0.2905234375 0.012171875 0.0189765625
1 0.5132109375 0.3136171875 0.015390625 0.01575
1 0.452171875 0.5409531249999999 0.0178984375 0.0300703125
1 0.47436718750000006 0.6506875 0.0193359375 0.021124999999999998
1 0.48724999999999996 0.50515625 0.016468749999999997 0.026492187499999997
1 0.500859375 0.5855312500000001 0.0178984375 0.041171875000000004
1 0.3234609375 0.6854140625 0.025421875 0.028999999999999998
1 0.3026953125 0.771875 0.0175390625 0.027210937499999997
1 0.338140625 0.7835078125 0.021124999999999998 0.031148437499999997
1 0.41779687499999996 0.7944296875 0.0178984375 0.028640624999999996
1 0.3827109375 0.8780234374999999 0.021484375 0.0433203125
1 0.44661718749999996 0.8486640624999999 0.033296875 0.0225546875
1 0.28390624999999997 0.9281484375 0.02434375 0.021124999999999998
1 0.31379687500000003 0.9917265625 0.024703125 0.0165390625
1 0.5595703125 0.7054609375 0.016468749999999997 0.0196875
1 0.5132109375 0.025953125 0.016109375000000002 0.024703125
1 0.7686953125 0.0535390625 0.039320312499999996 0.02653125
1 0.843546875 0.0876484375 0.016578125 0.028429687500000002
1 0.78125 0.1073125 0.018953125 0.019421874999999998
1 0.8324140625 0.12886718749999998 0.047375 0.054960937499999994
1 0.8873749999999999 0.02653125 0.11085937500000001 0.052117187499999995
1 0.9397265625 0.10304687500000001 0.0260546875 0.022265625
1 0.8542109375000001 0.17742968750000002 0.02084375 0.0213203125
1 0.8362031249999999 0.2629453125 0.05021875 0.12507812499999998
1 0.97921875 0.0506953125 0.0415625 0.054007812499999995
1 0.963890625 0.254890625 0.020374999999999997 0.0255859375
1 0.788828125 0.3809140625 0.030320312500000002 0.0331640625
1 0.9174609374999999 0.24896875000000002 0.0213203125 0.0241640625
1 0.9148515625 0.3219296875 0.1004375 0.078171875
1 0.9205390625 0.2731328125 0.0530625 0.025109375
1 0.85634375 0.390625 0.04690625 0.048796875
1 0.91721875 0.3884921875 0.0378984375 0.0530625
1 0.8561015624999999 0.3501171875 0.014210937500000001 0.02084375
1 0.9295390625 0.5050390625000001 0.028429687500000002 0.0407421875
1 0.94778125 0.5761093749999999 0.022265625 0.0350625
1 0.9700468750000001 0.5552578125000001 0.0213203125 0.0388515625
1 0.814890625 0.549578125 0.016109375000000002 0.036953124999999996
1 0.8397578125 0.6061875 0.031742187500000005 0.06869531250000001
1 0.8629765624999999 0.58203125 0.0241640625 0.033640625
1 0.8459218749999999 0.5538359374999999 0.039320312499999996 0.032218750000000004
1 0.90821875 0.5152265625 0.019898437499999998 0.025109375
1 0.90940625 0.620640625 0.031742187500000005 0.06159375
1 0.8705546875 0.632484375 0.0241640625 0.045484375
1 0.87884375 0.6893359375 0.1051796875 0.0672734375
1 0.89921875 0.7611171875 0.0596953125 0.075328125
1 0.9015859374999999 0.8606093749999999 0.0682265625 0.05921875
1 0.9217187499999999 0.9356953125 0.0241640625 0.0331640625
1 0.77271875 0.9207734375 0.021796875 0.0260546875
1 0.8338359375 0.8527890625 0.0236875 0.029375000000000002
1 0.8383359374999999 0.8970859375 0.020374999999999997 0.0241640625
1 0.8274453125000001 0.9340390624999999 0.0270078125 0.04121875
1 0.8042265625 0.9354609375 0.0108984375 0.016578125
1 0.7914375 0.97353125 0.04121875 0.0529296875
1 0.8324140625 0.971703125 0.0331640625 0.032218750000000004
1 0.876953125 0.993265625 0.016109375000000002 0.0127890625
1 0.963890625 0.953703125 0.031742187500000005 0.0416953125
1 0.959859375 0.2172265625 0.02653125 0.0241640625
1 0.9859218750000001 0.008054687500000001 0.02084375 0.014210937500000001
1 0.7211328124999999 0.27087500000000003 0.0191796875 0.022375
1 0.70875 0.3391953125 0.0263671875 0.027968749999999997
1 0.7033359375 0.45406250000000004 0.0210546875 0.0251328125