0 0.365765625 0.17570312500000002 0.081875 0.1357890625
0 0.3402421875 0.4653203125 0.0968046875 0.1663984375
0 0.681625 0.38005468750000004 0.0625546875 0.0931015625
0 0.0304609375 0.548140625 0.060921875 0.1566953125
0 0.328609375 0.7757343750000001 0.09090625 0.18828125
0 0.6824921875000001 0.734609375 0.0469296875 0.123390625
0 0.712265625 0.077703125 0.0665390625 0.1064453125
0 0.0362734375 0.047421875 0.068734375 0.0948359375
1 0.1978046875 0.1746171875 0.0775625 0.12455468750000001
1 0.0656171875 0.3299453125 0.0683828125 0.15259375
1 0.0748984375 0.182296875 0.149796875 0.1836875
1 0.08228125 0.0298125 0.0322734375 0.0384453125
1 0.1274140625 0.029375000000000002 0.0461484375 0.058750000000000004
1 0.322890625 0.37803906249999997 0.0273671875 0.02309375
1 0.39049999999999996 0.575375 0.0185078125 0.0323515625
1 0.4235703125 0.49910156250000004 0.013468749999999998 0.0169453125
1 0.31620312500000003 0.5853046875000001 0.0226875 0.0226875
1 0.3886796875 0.667390625 0.016593749999999997 0.0375625
1 0.1666484375 0.9095703125 0.03434375 0.035812500000000004
1 0.16309374999999998 0.8641875000000001 0.015070312499999999 0.0335859375
1 0.2009375 0.8692265625 0.014374999999999999 0.0193515625
1 0.6410859375 0.9343281250000001 0.0700234375 0.0783828125
1 0.616703125 0.8727265624999999 0.022984375 0.03503125
1 0.700109375 0.9365 0.042234375000000005 0.1018125
1 0.68509375 0.9870625000000001 0.0347734375 0.0258671875
1 0.6937734375 0.82421875 0.0160234375 0.0251640625
1 0.6402187500000001 0.8355859375 0.0370390625 0.030195312499999998
1 0.63865625 0.7888046875 0.02071875 0.023804687499999998
1 0.70975 0.782296875 0.0285234375 0.031265625000000005
1 0.6436953125 0.6256328124999999 0.0162109375 0.023484375
1 0.66990625 0.632921875 0.0234921875 0.031117187499999997
1 0.682234375 0.572 0.0238359375 0.023859375
1 0.6768515625 0.598640625 0.016546875 0.0163828125
1 0.661921875 0.49381250000000004 0.035296875 0.028945312499999997
1 0.714171875 0.46621875 0.0113359375 0.0258359375
1 0.6414375 0.4487421875 0.022109375 0.018664062500000002
1 0.6707734375000001 0.4526484375 0.014812500000000001 0.024734375
1 0.6372734375 0.4011875 0.027664062499999996 0.03465625
1 0.7086171875 0.42132031249999996 0.0210546875 0.026320312499999998
1 0.64490625 0.3303125 0.022109375 0.028328125
1 0.696984375 0.32206250000000003 0.022101562499999998 0.0239921875
1 0.742640625 0.3441953125 0.019664062500000003 0.021374999999999998
1 0.663484375 0.27728125000000003 0.0418984375 0.059421875
1 0.6567109375 0.2224375 0.031828125 0.040015625
1 0.7246796875 0.189859375 0.016710937500000002 0.0547265625
1 0.7159921875 0.12709375 0.041023437499999996 0.0298828125
1 0.7020234375000001 0.012859375000000001 0.0425859375 0.0218984375
1 0.6842265624999999 0.04184375 0.0156796875 0.02084375
1 0.8575390625000001 0.086671875 0.031093749999999996 0.0694375
1 0.8802890624999999 0.0347421875 0.019953125 0.028078125
1 0.8752109375 0.5761484375 0.041046875 0.0737890625
1 0.9445390625 0.6933046875 0.0351796875 0.05809375
1 0.92471875 0.73109375 0.024828125 0.026250000000000002
1 0.9675859375 0.7357812499999999 0.026578125 0.0278046875
1 0.9551875000000001 0.6143671875 0.015453125000000002 0.0213125
1 0.1401171875 0.4918671875 0.039609375 0.0419375