0 0.3440546875 0.025328125 0.0857578125 0.05065625
0 0.29190625 0.259234375 0.0869375 0.1231484375
0 0.28096875 0.51246875 0.0806953125 0.18821875
0 0.2333203125 0.795203125 0.1103828125 0.1599375
0 0.6250859375 0.7815390625 0.0892265625 0.1091796875
0 0.93384375 0.8309296875 0.1091015625 0.1728046875
0 0.6604296875 0.46815625 0.062273437499999994 0.1113125
0 0.686796875 0.1584765625 0.07203125 0.1247734375
0 0.969921875 0.2125625 0.06015625 0.15090625
0 0.952734375 0.5489843750000001 0.09140625 0.17140625
1 0.110484375 0.174875 0.08449999999999999 0.1731875
1 0.05014062500000001 0.285015625 0.0450390625 0.0341015625
1 0.02265625 0.79090625 0.0453125 0.14353906249999998
1 0.084703125 0.7780390625 0.042312499999999996 0.0474765625
1 0.514546875 0.937359375 0.047843750000000004 0.084875
1 0.5981328125 0.946484375 0.058765625 0.10703125
1 0.5666953125 0.7071484375 0.0310390625 0.10492968750000001
1 0.631140625 0.694265625 0.042749999999999996 0.08696875
1 0.605359375 0.5650078125 0.0849375 0.1018828125
1 0.6612109375 0.397875 0.0638359375 0.06449218749999999
1 0.6815234375 0.3162578125 0.057578125 0.049703125
1 0.67859375 0.24225781249999997 0.0478203125 0.0540390625
1 0.7494921875 0.5566171875 0.0528828125 0.0655703125
1 0.8244843749999999 0.549 0.046625 0.0620625
1 0.9611875 0.6872421875 0.0387890625 0.057296875000000004
1 0.9748046875 0.41798437499999996 0.050390625 0.0773671875
1 0.6955859375 0.029226562499999997 0.041953125 0.0584609375
1 0.009125 0.303015625 0.0182421875 0.1444140625
1 0.40519531249999996 0.0441171875 0.014515624999999999 0.0340703125
1 0.9789375 0.067640625 0.042125 0.13528125
1 0.43032031249999997 0.5417421874999999 0.020859375 0.068015625
1 0.495703125 0.49088281250000004 0.02475 0.046828125
1 0.9236171875 0.9563359374999999 0.041265625 0.0310625
1 0.892390625 0.7383984375 0.037367187499999996 0.0416796875