0 0.4235703125 0.009703125 0.045671875 0.01940625
0 0.357921875 0.3122578125 0.11303125 0.1929453125
0 0.3562109375 0.6016796875 0.0753515625 0.180390625
0 0.33337500000000003 0.9225 0.086765625 0.152984375
0 0.712421875 0.8608437500000001 0.116453125 0.16440625
0 0.7415390625 0.56171875 0.0582265625 0.16212500000000002
0 0.750671875 0.062226562500000006 0.10846093750000001 0.12444531249999999
0 0.72384375 0.28428125 0.079921875 0.09133593749999999
1 0.062226562500000006 0.10103906250000001 0.037679687499999996 0.05365625
1 0.0936171875 0.1193046875 0.0228359375 0.0468125
1 0.097046875 0.25859375 0.03425 0.0468125
1 0.0325390625 0.48350781249999997 0.0468125 0.07878125
1 0.191234375 0.42642968750000004 0.051375000000000004 0.1153125
1 0.10103906250000001 0.49664062500000006 0.035390624999999995 0.07763281250000001
1 0.0685 0.5080546874999999 0.015984375000000002 0.031968750000000004
1 0.0239765625 0.6593359375000001 0.0296875 0.0582265625
1 0.012562499999999999 0.8465703124999999 0.0251171875 0.0605078125
1 0.047382812499999996 0.9755859375 0.0239765625 0.0285390625
1 0.10789062499999999 0.9681640625 0.0445234375 0.020546875
1 0.12786718749999998 0.6564765625 0.03425 0.0753515625
1 0.214640625 0.6627578125 0.018265625 0.037679687499999996
1 0.240328125 0.045671875 0.033109375 0.045671875
1 0.1843828125 0.013132812499999999 0.026257812499999998 0.0216953125
1 0.20265624999999998 0.0485234375 0.026257812499999998 0.026257812499999998
1 0.33680468750000003 0.0188359375 0.0433828125 0.030828125
1 0.3756171875 0.0633671875 0.018265625 0.026257812499999998
1 0.35221874999999997 0.086765625 0.033109375 0.045671875
1 0.32995312499999996 0.812890625 0.020546875 0.050234375
1 0.36534374999999997 0.7649375 0.020546875 0.052515624999999996
1 0.41614843749999997 0.44982812499999997 0.026257812499999998 0.054804687500000004
1 0.4578203125 0.3744765625 0.031968750000000004 0.0411015625
1 0.4521171875 0.268296875 0.050234375 0.057085937499999996
1 0.466953125 0.050234375 0.031968750000000004 0.03425
1 0.712421875 0.974375 0.1324375 0.0512421875
1 0.7055703125 0.7072890625 0.0890546875 0.135859375
1 0.690734375 0.59825 0.047953125 0.06621875
1 0.7129921875 0.44640625 0.0445234375 0.06393750000000001
1 0.5206171875 0.405875 0.020546875 0.0582265625
1 0.5731328125 0.38646875 0.045671875 0.049093750000000005
1 0.4275703125 0.9863671875 0.0764921875 0.027265624999999998
1 0.4144375 0.9276328125 0.031968750000000004 0.035390624999999995
1 0.43099218749999996 0.8762578124999999 0.037679687499999996 0.05365625
1 0.579984375 0.98921875 0.031968750000000004 0.021562500000000002
1 0.9789296875 0.9622265625 0.0346015625 0.0489140625
1 0.8148828124999999 0.86796875 0.0381796875 0.036984375
1 0.8280078124999999 0.9115234375 0.0405625 0.0286328125
1 0.8351640625 0.9849921875 0.0381796875 0.030015625
1 0.4074375 0.7242031250000001 0.0346015625 0.0668125
1 0.43786718750000003 0.8154765625 0.0453359375 0.041757812500000005
1 0.48499218749999995 0.8375468749999999 0.029828125 0.050109375
1 0.2314609375 0.18671875 0.0620390625 0.09425781250000001
1 0.43070312499999996 0.107375 0.03340625 0.03340625
1 0.3847734375 0.19149218750000002 0.0250546875 0.041757812500000005
1 0.536296875 0.17478906249999998 0.032210937499999995 0.0584609375
1 0.5333125 0.2881328125 0.0381796875 0.032210937499999995
1 0.6585859375 0.277390625 0.0310234375 0.039375
1 0.66096875 0.3603125 0.050109375 0.050109375
1 0.250546875 0.3245234375 0.023859375 0.0405625
1 0.2779921875 0.2988671875 0.0310234375 0.04653125
1 0.10797656250000001 0.3650859375 0.044140625 0.0620390625
1 0.570890625 0.910328125 0.029828125 0.076359375
1 0.6013203125000001 0.49572656249999997 0.03340625 0.0536875
1 0.637703125 0.46828906249999996 0.02028125 0.044140625
1 0.6860234375 0.52734375 0.0453359375 0.057265625
1 0.5046796875 0.7862421875 0.016703125 0.0381796875
1 0.49214843750000004 0.096046875 0.032210937499999995 0.036984375
1 0.42056250000000006 0.37582031250000003 0.0346015625 0.0811328125