0 0.620171875 0.451234375 0.1802734375 0.2871484375
0 0.029148437500000002 0.10147656249999999 0.058296875000000005 0.09715625
1 0.614234375 0.153828125 0.22021875 0.3011796875
1 0.769140625 0.118203125 0.0658515625 0.06153125
1 0.7723828125 0.21103906249999999 0.05289843749999999 0.07664062499999999
1 0.890046875 0.248828125 0.08528125 0.0680078125
1 0.85515625 0.45932812500000003 0.2896875 0.34435937499999997
1 0.6234140625 0.7973984375 0.21697656250000003 0.40519531249999996
1 0.8686484374999999 0.8701015625 0.262703125 0.246125
1 0.1462734375 0.14842968750000002 0.13278125000000002 0.29685937500000004
1 0.146875 0.34609375 0.196875 0.1859375
1 0.0671875 0.6078125 0.134375 0.371875
1 0.43046875 0.3875 0.1703125 0.253125
1 0.2265625 0.5703125 0.196875 0.3625
1 0.4234375 0.640625 0.184375 0.28125
1 0.4015625 0.178125 0.1 0.14375
1 0.38671875 0.02109375 0.0546875 0.0390625
1 0.2609375 0.203125 0.059375 0.1125
1 0.83203125 0.040625 0.0640625 0.08125
1 0.8979296874999999 0.154984375 0.0227578125 0.036851562500000004
1 0.9662109375 0.1847890625 0.018421874999999997 0.015171875000000001
1 0.93884375 0.042265625 0.025468750000000002 0.036851562500000004
1 0.9599765625 0.01978125 0.0211328125 0.0395625
1 0.9939453125 0.011921875 0.0121171875 0.02384375
1 0.9933984375 0.0601484375 0.0131953125 0.0487734375
1 0.8941328125 0.0783046875 0.037929687499999996 0.0384765625
1 0.8301953125000001 0.101609375 0.0336015625 0.031968750000000004
1 0.8193515625 0.175578125 0.0346796875 0.039015625