0 0.3756875 0.10478125 0.10996874999999999 0.13846875
0 0.795578125 0.0386015625 0.11380468749999999 0.077203125
0 0.761203125 0.366609375 0.1075625 0.20509375
0 0.7283984375 0.7309609375 0.0888203125 0.1603671875
0 0.28917187499999997 0.8947265625 0.13615625 0.210546875
1 0.026359375 0.09033593749999999 0.0249765625 0.0357578125
1 0.43257031250000005 0.0155546875 0.0327265625 0.0307265625
1 0.41967968750000006 0.0690546875 0.030382812500000002 0.0361640625
1 0.11072656249999999 0.078921875 0.01403125 0.0226796875
1 0.8094921875000001 0.1352421875 0.044375 0.10211718750000001
1 0.8352734375 0.050796875 0.025625 0.0445703125
1 0.8070546875 0.2680234375 0.041453125 0.047367187500000005
1 0.7547109375 0.1265625 0.0148984375 0.02421875
1 0.6688828124999999 0.42777343749999996 0.0522109375 0.0407109375
1 0.6816718749999999 0.32018749999999996 0.0406875 0.0481875
1 0.730890625 0.26649218750000003 0.0375546875 0.069703125
1 0.730890625 0.2101640625 0.0219296875 0.037125000000000005
1 0.73996875 0.132359375 0.014703125000000001 0.01628125
1 0.6880234375 0.39709374999999997 0.027992187499999998 0.0203671875
1 0.77521875 0.5428515625 0.020749999999999998 0.044296875
1 0.8022656250000001 0.46084375 0.0182109375 0.028726562500000004
1 0.7804921874999999 0.4775390625 0.019578125 0.025007812499999997
1 0.6561874999999999 0.5126875 0.030734375 0.040609374999999996
1 0.6947578125 0.4743125 0.031703125 0.0517578125
1 0.6712265625 0.5539765625 0.041273437499999996 0.070453125
1 0.6480859375 0.7291953125 0.0203828125 0.0302734375
1 0.35796875 0.8605078125000001 0.031953125 0.0565546875
1 0.6743515625 0.68634375 0.01628125 0.0285390625
1 0.7755156249999999 0.629421875 0.0232890625 0.03775
1 0.717703125 0.5771953125 0.0170546875 0.025093749999999998
1 0.80109375 0.698046875 0.054929687500000005 0.0753984375
1 0.7929921875 0.773421875 0.021140625 0.0230234375
1 0.8184765625000001 0.7453125 0.02328125 0.021476562499999997
1 0.7996328125 0.7471640625 0.018796874999999998 0.019328124999999998
1 0.6513046874999999 0.8097734375 0.0405 0.055484374999999996
1 0.781078125 0.8867968749999999 0.048093750000000005 0.0778984375
1 0.7973828125 0.8126093750000001 0.027976562500000003 0.0466953125
1 0.6423203125 0.9000859374999999 0.03815625 0.0341484375
1 0.5858749999999999 0.85634375 0.07761718749999999 0.040421875
1 0.6537421875 0.8595625 0.0199921875 0.044914062500000004
1 0.7092109375 0.9576171875 0.029359375 0.084765625
1 0.6821640625 0.9825234375 0.0318984375 0.0349609375
1 0.6775703125 0.8928515625 0.028578125 0.05485156249999999
1 0.7785390624999999 0.9632421875 0.023484375 0.06867187500000001
1 0.50825 0.9378671875 0.02978125 0.025734374999999997
1 0.5518046875 0.9688046874999999 0.0270390625 0.062226562500000006
1 0.618203125 0.940890625 0.03484375 0.049359375
1 0.6033593749999999 0.8883671874999999 0.02859375 0.02634375
1 0.150078125 0.8586874999999999 0.0321875 0.037296875
1 0.1241015625 0.8611328125 0.023203124999999998 0.016796875
1 0.12478906249999999 0.89159375 0.0187109375 0.01521875
1 0.7981640624999999 0.205484375 0.021726562499999998 0.0199453125
1 0.3503515625 0.015171875000000001 0.020624999999999998 0.014320312499999998