0 0.43515625 0.0859375 0.0953125 0.171875
0 0.41015625 0.4296875 0.1203125 0.128125
0 0.85546875 0.3328125 0.1109375 0.128125
0 0.8390625 0.025 0.071875 0.05
1 0.8875 0.1703125 0.225 0.2125
1 0.0921875 0.4625 0.184375 0.171875
1 0.08359375 0.74921875 0.1671875 0.3015625
1 0.06875 0.559375 0.1125 0.11875
1 0.63671875 0.30078125 0.2703125 0.6015625
1 0.88671875 0.63671875 0.2203125 0.4765625
1 0.9546875 0.334375 0.090625 0.228125
1 0.0828125 0.0375 0.078125 0.075
1 0.07109375 0.1953125 0.0578125 0.103125
1 0.165625 0.178125 0.084375 0.121875
1 0.34375 0.36875 0.08125 0.11875
1 0.49140625 0.22109375 0.0484375 0.1078125
1 0.4828125 0.328125 0.075 0.078125
1 0.41015625 0.5453125 0.1109375 0.1