0 0.265078125 0.1181953125 0.0915859375 0.189359375
0 0.6745 0.041031250000000005 0.11270312499999999 0.0820546875
0 0.6776953125 0.34781249999999997 0.11178906250000001 0.12165625
0 0.22390625000000003 0.4706953125 0.1007265625 0.14665625
1 0.44807031249999996 0.47862499999999997 0.3404765625 0.1856875
1 0.3545859375 0.2849921875 0.0864140625 0.11189843749999999
1 0.45492968749999996 0.36290625 0.3322421875 0.038406249999999996
1 0.5366484375 0.3006953125 0.073640625 0.0823203125
1 0.486484375 0.5868828125000001 0.1172421875 0.0240625
1 0.4959296875 0.6170703125 0.025140625 0.025890625
1 0.5752265624999999 0.5842890625 0.031257812499999996 0.031078125
1 0.23335937499999998 0.5827656250000001 0.0745 0.07071875
1 0.7165703125 0.4790859375 0.194703125 0.13903125
1 0.8327656250000001 0.48549218749999995 0.035484375 0.06401562499999999
1 0.897125 0.47771093750000004 0.070046875 0.0813984375
1 0.72890625 0.63984375 0.2796875 0.1890625
1 0.56328125 0.8203125 0.0609375 0.05
1 0.77734375 0.81015625 0.2671875 0.1453125
1 0.92578125 0.64921875 0.1296875 0.1921875
1 0.70703125 0.1734375 0.1890625 0.209375
1 0.8578125 0.35234375 0.215625 0.1671875
1 0.97109375 0.08984375 0.0578125 0.0703125
1 0.8453125 0.2515625 0.05 0.059375
1 0.45 0.11484375 0.240625 0.2296875