0 0.104328125 0.1993671875 0.072890625 0.1310234375
0 0.428171875 0.342203125 0.0973125 0.14933593750000002
0 0.7630390625000001 0.2988203125 0.0691328125 0.1111796875
0 0.8073046875 0.0515859375 0.070859375 0.10316406250000001
0 0.0841015625 0.442671875 0.06889843749999999 0.1436796875
0 0.40525781250000004 0.6459765625 0.0723203125 0.1266796875
0 0.036015625 0.7297578125 0.0456484375 0.0720234375
0 0.3594296875 0.9223984375000001 0.0987109375 0.15521093749999998
0 0.706796875 0.8999921875 0.060812500000000005 0.09478125
0 0.752625 0.6011484375 0.0621953125 0.096046875
0 0.14656249999999998 0.030421874999999998 0.0798359375 0.060843749999999995
1 0.2559609375 0.0285234375 0.07234375 0.057046875
1 0.029765625 0.041796875 0.05953125 0.0832421875
1 0.09391406249999999 0.02375 0.0312265625 0.0402109375
1 0.10780468750000001 0.1008125 0.017335937500000002 0.034609375
1 0.041835937499999996 0.244171875 0.045125 0.0643828125
1 0.0290703125 0.34275 0.058148437500000004 0.080984375
1 0.1641328125 0.23349999999999999 0.0310390625 0.04825
1 0.1799296875 0.38273437499999996 0.0799921875 0.0741484375
1 0.1775859375 0.4569296875 0.0527421875 0.0715
1 0.2344375 0.6169765625 0.0778984375 0.12250000000000001
1 0.1452109375 0.5704609375 0.066109375 0.1266875
1 0.1540625 0.6690546875 0.0664609375 0.059984375
1 0.0919140625 0.7478125 0.0699375 0.16021093749999998
1 0.034453125 0.4308828125 0.0251640625 0.031546875
1 0.039054687500000004 0.4648125 0.032625 0.0247578125
1 0.0304609375 0.5002187499999999 0.048421874999999996 0.0330703125
1 0.062921875 0.56815625 0.095984375 0.08735937499999999
1 0.073421875 0.641234375 0.094421875 0.0494765625
1 0.1571015625 0.9215625 0.0464921875 0.0320234375
1 0.3400703125 0.8476250000000001 0.0304921875 0.0438671875
1 0.009109375 0.788796875 0.016140625 0.0199453125
1 0.444234375 0.9767890625 0.0165859375 0.0261484375
1 0.40639062499999995 0.9862500000000001 0.0172890625 0.0225
1 0.6904765625 0.733109375 0.035125 0.0387890625
1 0.6951640625 0.7936796875 0.041023437499999996 0.05923437499999999
1 0.666953125 0.8396796875 0.034953125 0.036640624999999996
1 0.6967265625 0.8351640625 0.012898437500000002 0.0206796875
1 0.72146875 0.8413281250000001 0.0259140625 0.0208515625
1 0.661484375 0.91109375 0.02228125 0.035390624999999995
1 0.732921875 0.9866328125000001 0.014109374999999999 0.026734374999999998
1 0.7303203125 0.9434687500000001 0.026257812499999998 0.035890624999999995
1 0.76434375 0.8716171875000001 0.017921875 0.0241328125
1 0.758703125 0.65978125 0.0292109375 0.0327578125
1 0.712265625 0.64 0.0179296875 0.02790625
1 0.7379609375 0.6543125 0.0137578125 0.02703125
1 0.7556640625 0.7127109375 0.014453125 0.05875781249999999
1 0.8080859374999999 0.779625 0.0290234375 0.02765625
1 0.8235390625000001 0.8095703125 0.00784375 0.016359375000000002
1 0.9329062499999999 0.7716953125 0.0182421875 0.022218750000000002
1 0.45099999999999996 0.602125 0.0197109375 0.026828125
1 0.9118984375 0.624390625 0.06997656249999999 0.09565625
1 0.8171171875000001 0.5009140624999999 0.026250000000000002 0.0344609375
1 0.73465625 0.4824921875 0.052296875 0.15040625000000002
1 0.7712890625 0.4878125 0.017921875 0.02040625
1 0.7678125 0.420640625 0.017921875 0.028429687500000002
1 0.8190234375 0.27145312499999996 0.0335390625 0.047765625
1 0.8221484374999999 0.2395234375 0.018953125 0.018625
1 0.7669453125000001 0.22381250000000003 0.01965625 0.030609375
1 0.7388281250000001 0.24655468749999998 0.01896875 0.0170625
1 0.7664296875 0.1364296875 0.0220859375 0.027710937499999998
1 0.7843046874999999 0.1867578125 0.0266015625 0.038101562500000005
1 0.7990625 0.132953125 0.0109765625 0.0207734375
1 0.8112109375 0.181203125 0.014445312499999998 0.020046875
1 0.8585156250000001 0.0170703125 0.030929687500000004 0.034140625
1 0.9211015625 0.0688828125 0.0224140625 0.0263046875
1 0.9049609375 0.074 0.0144296875 0.024390625
1 0.8921093750000001 0.0372890625 0.016515625 0.0186796875
1 0.6644375 0.9592656249999999 0.017765625 0.0153984375
0 0.03428125 0.930640625 0.0685625 0.13871875