0 0.1566640625 0.018296875 0.0960546875 0.03659375
0 0.12178906249999999 0.23900000000000002 0.11092187499999999 0.18753906250000002
0 0.07375781249999999 0.6318046875000001 0.1200703125 0.197828125
0 0.053742187500000003 0.9145312499999999 0.10292187500000001 0.17093750000000002
0 0.39509375 0.71075 0.10863281250000001 0.172671875
0 0.3727890625 0.9797343749999999 0.1074921875 0.040531250000000005
0 0.453984375 0.338484375 0.11892968749999999 0.18296874999999999
0 0.5025859374999999 0.029734375 0.08347656249999999 0.0594609375
0 0.8353515625 0.06575 0.09033593749999999 0.13150781250000002
0 0.7821796875 0.3773671875 0.0937734375 0.12350000000000001
1 0.074328125 0.78275 0.0594609375 0.1063515625
1 0.092625 0.8525078125000001 0.0411640625 0.053742187500000003
1 0.128078125 0.7650234375 0.03659375 0.03659375
1 0.06575 0.7272890624999999 0.037734375 0.029734375
1 0.07718749999999999 0.4768515625 0.058320312500000006 0.10978125000000001
1 0.11778124999999999 0.42482031249999996 0.045742187499999996 0.0651796875
1 0.07375781249999999 0.3516328125 0.0263046875 0.05603125
1 0.27444531250000004 0.53803125 0.043453124999999995 0.0811875
1 0.32590625 0.6106484375 0.0343046875 0.03659375
1 0.188109375 0.8153359375000001 0.044601562500000004 0.04803125
1 0.2435703125 0.8410703125 0.029734375 0.044601562500000004
1 0.3161875 0.8999609375000001 0.060609375 0.054890625000000005
1 0.335625 0.8141953125000001 0.07890625 0.0823359375
1 0.3030390625 0.988859375 0.032015625 0.02228125
1 0.35678125 0.8673671875 0.02515625 0.074328125
1 0.43511718750000006 0.8479296875 0.040023437499999995 0.1269296875
1 0.42024999999999996 0.957984375 0.049171875 0.08403125
1 0.463703125 0.7947578125 0.037734375 0.0388828125
1 0.2412890625 0.9142578125 0.027445312500000003 0.028585937500000002
1 0.2927421875 0.7347187500000001 0.027445312500000003 0.042312499999999996
1 0.29674999999999996 0.46999218750000005 0.051460937500000005 0.061750000000000006
1 0.3670703125 0.566046875 0.0343046875 0.0640390625
1 0.438546875 0.473421875 0.1566640625 0.11892968749999999
1 0.432828125 0.5797734375 0.099484375 0.10292187500000001
1 0.3281953125 0.23156249999999998 0.0388828125 0.051460937500000005
1 0.2904609375 0.27502343749999997 0.054890625000000005 0.09033593749999999
1 0.249859375 0.3178984375 0.028585937500000002 0.03659375
1 0.725 0.9122421875000001 0.12350000000000001 0.175515625
1 0.7358671875 0.7575937500000001 0.1200703125 0.13150781250000002
1 0.7461562500000001 0.629515625 0.11778124999999999 0.1200703125
1 0.81190625 0.8599375 0.02515625 0.029734375
1 0.79246875 0.5020078125 0.12350000000000001 0.128078125
1 0.8353515625 0.35564062500000004 0.044601562500000004 0.141796875
1 0.741578125 0.4219609375 0.042312499999999996 0.0388828125
1 0.754734375 0.299609375 0.0343046875 0.1395078125
1 0.7964687500000001 0.2944609375 0.046882812499999996 0.042312499999999996
1 0.9188281249999999 0.1555234375 0.060609375 0.0937734375
1 0.8793749999999999 0.26472656250000004 0.0526015625 0.044601562500000004
1 0.7661640625 0.149234375 0.0343046875 0.035453125
1 0.8490703125 0.197828125 0.037734375 0.0526015625
1 0.7833203125 0.20354687500000002 0.03659375 0.043453124999999995
1 0.7981874999999999 0.17096093750000002 0.03659375 0.05603125
1 0.8153359375000001 0.21040625 0.0526015625 0.04803125
1 0.42996875 0.0543203125 0.061750000000000006 0.07661718749999999
1 0.5231640625 0.08004687499999999 0.062890625 0.0526015625
1 0.5220234375 0.16753125 0.07661718749999999 0.1132109375
1 0.459703125 0.1566640625 0.0411640625 0.08462499999999999
1 0.2933125 0.1658125 0.053742187500000003 0.0503125
1 0.40538281249999997 0.2241328125 0.044601562500000004 0.045742187499999996
1 0.46084375 0.220703125 0.0343046875 0.0411640625
1 0.34534375 0.023445312500000003 0.0411640625 0.042312499999999996
1 0.14065624999999998 0.088625 0.0891953125 0.1063515625
1 0.6581015625 0.28131249999999997 0.024015625 0.0388828125
1 0.299609375 0.00971875 0.0388828125 0.0194375