1 0.03340625 0.05225 0.06509374999999999 0.1045
1 0.1554609375 0.0997890625 0.0351171875 0.043687500000000004
1 0.21242187499999998 0.8573906250000001 0.25953125 0.2852109375
1 0.043687500000000004 0.9274140624999999 0.08051562500000001 0.145171875
1 0.4456171875 0.7501171875 0.154609375 0.253109375
1 0.412640625 0.9513984375 0.102359375 0.097203125
1 0.5507578125 0.9419765625000001 0.109640625 0.116046875
1 0.6205625 0.799796875 0.1045 0.15203906250000002
1 0.7310625 0.939625 0.232125 0.12075781249999999
1 0.7696015625 0.785453125 0.1867265625 0.179875
1 0.9775234375 0.506859375 0.044953125 0.1948671875
1 0.8347031250000001 0.6276328125 0.23726562499999998 0.130625
1 0.9214218750000001 0.8477578125 0.15716406249999998 0.30448437500000003
1 0.9732421875 0.6451953125000001 0.053515625 0.11863281249999999