0 0.4588828125 0.1272265625 0.12792187500000002 0.202890625
0 0.4266640625 0.5153984375 0.1142578125 0.182359375
0 0.8215468749999999 0.3615390625 0.11497656249999999 0.15589843750000001
0 0.8112031249999999 0.7918828125 0.11380468749999999 0.18844531250000002
0 0.397953125 0.926953125 0.1310625 0.14609375
0 0.047984375 0.3685703125 0.08737500000000001 0.15432812499999998
1 0.0833828125 0.029031249999999998 0.029656250000000002 0.030328125
1 0.0293828125 0.0728515625 0.040796874999999996 0.10039843749999999
1 0.043640625 0.1940234375 0.02634375 0.028273437499999998
1 0.0611171875 0.1693203125 0.0163828125 0.019898437499999998
1 0.0813359375 0.32321093749999996 0.0275078125 0.079625
1 0.0427578125 0.303296875 0.0421640625 0.039804687500000005
1 0.0348515625 0.4885390625 0.020484375 0.027468749999999997
1 0.0239140625 0.5558984375 0.029859375 0.04109375
1 0.0599453125 0.65521875 0.03746875 0.036617187499999995
1 0.051453125 0.5451015625 0.01853125 0.0195
1 0.053500000000000006 0.498828125 0.012867187499999998 0.0246015625
1 0.066296875 0.9334374999999999 0.0325859375 0.040304687500000005
1 0.16853125 0.9341171875000001 0.028078125 0.0201953125
1 0.44400000000000006 0.8892031250000001 0.0223671875 0.0631796875
1 0.38453125 0.8088671875 0.014765625 0.025539062499999998
1 0.355921875 0.6744296875 0.0219921875 0.02425
1 0.43833593750000005 0.6818515625 0.030570312500000002 0.03128125
1 0.47964062500000004 0.762390625 0.021390625 0.03415625
1 0.45962500000000006 0.821453125 0.030179687500000003 0.0409609375
1 0.41021093750000004 0.795484375 0.021203125 0.031992187500000005
1 0.7527578125 0.9743437500000001 0.0188046875 0.0381328125
1 0.8217968750000001 0.9217187499999999 0.033828125 0.0637421875
1 0.7675078125 0.9014140625 0.0268125 0.023140625
1 0.8454296875 0.8361015625 0.0225 0.03509375
1 0.7610625 0.748140625 0.025640625 0.0329921875
1 0.8105703125 0.6415234375 0.032859375 0.0541484375
1 0.74309375 0.48882812500000006 0.044390625 0.0925078125
1 0.8141796875 0.5103046875 0.0459375 0.10421093749999999
1 0.7923046874999999 0.5627421874999999 0.0256328125 0.03525
1 0.7957265625 0.5971093749999999 0.018796874999999998 0.018046875
1 0.7659453125 0.589890625 0.015875 0.015320312499999999
1 0.7566640625 0.6288359375 0.0188046875 0.040484375
1 0.6478906249999999 0.5761171875 0.0238984375 0.020992187500000002
1 0.8673046875000001 0.4663828125 0.0193671875 0.035898437500000005
1 0.7344999999999999 0.329046875 0.027203125 0.0268515625
1 0.8585156250000001 0.1012421875 0.029140624999999996 0.0478046875
1 0.8348828125000001 0.1773984375 0.03265625 0.0438515625
1 0.7903515624999999 0.11139062500000001 0.0295390625 0.0837265625
1 0.8940546875000001 0.14234375 0.0377265625 0.073359375
1 0.8735546875000001 0.205609375 0.0474921875 0.07488281249999999
1 0.842109375 0.2636015625 0.043203124999999995 0.04634375
1 0.807640625 0.264578125 0.02309375 0.036578125
1 0.40582031250000006 0.2690703125 0.0221796875 0.02603125
1 0.39946875 0.1941875 0.0270625 0.030570312500000002
1 0.8852734375000001 0.062453125 0.016242187499999998 0.0249140625
1 0.7836171875 0.19035156250000002 0.010203125 0.0189765625