0 0.38503125 0.46587500000000004 0.0891640625 0.1518828125
0 0.6699921875 0.36078125 0.0983125 0.1705078125
0 0.6430859375 0.6800546875 0.07575 0.12886718749999998
0 0.6374453124999999 0.962328125 0.0523203125 0.07534375
0 0.35934374999999996 0.7846328125 0.051671875 0.100171875
0 0.689953125 0.08104687499999999 0.08615625 0.1548046875
0 0.9701796874999999 0.6028828125000001 0.0596328125 0.1141015625
0 0.9786484375000001 0.321203125 0.042703124999999995 0.0923984375
1 0.1135546875 0.1016953125 0.025546875000000004 0.04284375
1 0.1349375 0.051515624999999995 0.0312109375 0.024515625
1 0.0740078125 0.020273437499999998 0.01871875 0.0323515625
1 0.1082734375 0.161375 0.019359375 0.0240078125
1 0.12491406249999999 0.23260156250000003 0.026078125 0.047703125
1 0.1182734375 0.33390624999999996 0.020609375 0.0299921875
1 0.1306171875 0.2986796875 0.017171875 0.032984374999999996
1 0.0860859375 0.30398437500000003 0.031234374999999998 0.0561015625
1 0.05109375000000001 0.3985703125 0.0237421875 0.034328125
1 0.12530468749999998 0.4445 0.019046874999999998 0.0261796875
1 0.10999218749999999 0.39489843750000003 0.013421875 0.0254296875
1 0.0759296875 0.46987500000000004 0.0265546875 0.0378828125
1 0.10296093749999999 0.48253124999999997 0.021234375 0.0413125
1 0.1045234375 0.5393125000000001 0.035609375 0.0476796875
1 0.0848359375 0.586078125 0.016242187499999998 0.0312109375
0 0.958203125 0.9141875 0.08359375 0.13228125
1 0.543203125 0.6148828125 0.10359375 0.18756250000000002
1 0.34683593749999997 0.6217343750000001 0.03703125 0.0458125
1 0.3654921875 0.5581796875 0.0137890625 0.041749999999999995
1 0.013468749999999998 0.3733125 0.022640625 0.0372421875
1 0.10271875 0.7991015625 0.0409765625 0.0450703125
1 0.3540625 0.9045390624999999 0.024140625 0.029390624999999997
1 0.35015625 0.96740625 0.024140625 0.061375
1 0.32125781249999996 0.8618750000000001 0.0132109375 0.0163359375
1 0.34078125 0.8498671874999999 0.0132109375 0.021609375
1 0.3569921875 0.71084375 0.01828125 0.0404375
1 0.356015625 0.671796875 0.012421875 0.0248359375
1 0.374375 0.640453125 0.010078125 0.034421875000000005
1 0.48394531250000006 0.8066953124999999 0.044140625 0.031828125
1 0.5031640625 0.8865078125 0.0794453125 0.10082031250000001
1 0.5905 0.87634375 0.0572421875 0.14613281250000001
1 0.54471875 0.9600859375 0.0438203125 0.06985156249999999
1 0.6569765624999999 0.7889609375 0.041765625 0.063546875
1 0.6296328124999999 0.8548828125 0.0214609375 0.039140625
1 0.6527578125 0.9167421875 0.0189609375 0.025359375
1 0.578078125 0.7756875 0.01209375 0.033875
1 0.604171875 0.7479609375 0.01740625 0.0268671875
1 0.611828125 0.79553125 0.0108359375 0.0141875
1 0.6083125 0.7724140625 0.011625 0.0116953125
1 0.7705625 0.6817734375 0.0595625 0.06636718750000001
1 0.8107109375 0.610390625 0.0679921875 0.0717109375
1 0.7733749999999999 0.5156562499999999 0.033937499999999995 0.0388125
1 0.7894687499999999 0.43763281249999997 0.0442421875 0.049953125
1 0.8485234374999999 0.438875 0.049859375 0.0711953125
1 0.8222734375 0.7109921875 0.016117187499999998 0.021671875
1 0.6725234375 0.5750859375 0.043171875 0.0748671875
1 0.6747890625 0.49909375 0.039890625 0.0619453125
1 0.6045625 0.466921875 0.022875 0.03509375
1 0.6768984375 0.4577890625 0.020671875 0.0183828125
1 0.6191718749999999 0.531359375 0.0223984375 0.0373984375
1 0.611046875 0.5989140625 0.031148437499999997 0.0209609375
1 0.8218828125 0.268296875 0.06689062500000001 0.05503125
1 0.810796875 0.33671875 0.0290859375 0.035625000000000004
1 0.8412578125 0.3499140625 0.024390625 0.066703125
1 0.6408828125 0.2163515625 0.050203125 0.102703125
1 0.6196328125 0.320546875 0.0452109375 0.051726562499999997
1 0.624796875 0.4727734375 0.0211484375 0.0346015625
1 0.393015625 0.17869531249999998 0.1122734375 0.1679921875
1 0.397078125 0.3235234375 0.045406249999999995 0.1311171875
1 0.350671875 0.2816796875 0.018226562499999998 0.028671875000000003
1 0.5266015625 0.3390859375 0.013820312500000001 0.020046875
1 0.428171875 0.30096875 0.0107109375 0.0188203125
1 0.4210625 0.0736171875 0.0324296875 0.0312890625
1 0.373953125 0.031906250000000004 0.011664062499999999 0.0197578125
1 0.39660937500000004 0.04721875 0.01634375 0.019125
1 0.395125 0.0787734375 0.018062500000000002 0.0197265625
1 0.10284374999999998 0.059890624999999996 0.020921875 0.029679687500000003
1 0.052914062500000004 0.0282578125 0.0291328125 0.0315234375
1 0.11983593749999999 0.0268984375 0.017140625 0.014468749999999999
1 0.01978125 0.014460937500000002 0.031875 0.028921875000000003
1 0.0368359375 0.07271093749999999 0.0217109375 0.0227734375
1 0.017765625 0.0517578125 0.021328125 0.019921875
1 0.064109375 0.0544921875 0.025484374999999997 0.017578125
1 0.0431484375 0.12875 0.022625 0.0397890625
1 0.077390625 0.1851171875 0.015585937499999999 0.0197109375
1 0.0219296875 0.0902265625 0.0192421875 0.02003125
1 0.0236875 0.134671875 0.0240625 0.0216953125
1 0.0188671875 0.20340625 0.03265625 0.039359375
1 0.10967968749999998 0.20245312499999998 0.0124609375 0.0218359375
1 0.0093671875 0.25796874999999997 0.01625 0.0221875
1 0.0383984375 0.294875 0.030046875 0.0243828125
1 0.0691875 0.35825 0.012203124999999999 0.0170234375
1 0.03546875 0.5025234375000001 0.0306953125 0.04775
1 0.053179687499999996 0.4765546875 0.01403125 0.0205625
1 0.0074453125 0.41530468750000005 0.0148828125 0.045203125
1 0.028703125000000003 0.40528906249999996 0.01715625 0.0381796875
1 0.0321484375 0.552078125 0.017546875 0.0218671875
1 0.07928125 0.5191484375 0.018062500000000002 0.0263125
1 0.0669765625 0.56971875 0.015585937499999999 0.037609375
1 0.050960937500000004 0.5498046875 0.012203124999999999 0.0160078125
1 0.025507812499999998 0.6317421875 0.0172890625 0.035359375
1 0.018546874999999997 0.5758984375 0.01246875 0.014820312499999998
1 0.0880703125 0.638578125 0.026523437500000004 0.021687500000000002
1 0.10831249999999999 0.6583593750000001 0.016234375000000002 0.030007812499999998
1 0.0426328125 0.6467734375 0.0215859375 0.035476562499999996
1 0.009820312500000001 0.8753984375 0.0184609375 0.0474140625
1 0.096984375 0.880546875 0.022226562499999998 0.0277578125
1 0.077328125 0.9275546875 0.021968750000000002 0.0345390625
1 0.0755703125 0.991546875 0.022359375 0.0168984375
1 0.0285078125 0.9843515625 0.020671875 0.027250000000000003
1 0.0106015625 0.9525937499999999 0.014820312499999998 0.0158125
1 0.0481640625 0.96521875 0.01571875 0.03325
1 0.052523437500000006 0.9194687500000001 0.015328125000000001 0.0237734375
1 0.028437499999999998 0.8188437499999999 0.016640625 0.038671875
1 0.0721875 0.7880546875000001 0.015585937499999999 0.04090625
1 0.0461484375 0.8181328125 0.0103828125 0.00990625
1 0.0798671875 0.83375 0.0179296875 0.0203125
1 0.05493749999999999 0.846828125 0.0084296875 0.013921875
1 0.0744609375 0.854125 0.01103125 0.012875000000000001
1 0.07296875 0.8721484374999999 0.0119453125 0.0163828125
1 0.013593749999999998 0.7438828125 0.012992187499999999 0.013546875
1 0.03071875 0.6983203125 0.012078125 0.0161796875
1 0.0690625 0.710359375 0.0197578125 0.02853125
1 0.667796875 0.8584765624999999 0.0068515625 0.0291015625
1 0.6716171875 0.8276718750000001 0.0144921875 0.0143671875
1 0.9112656250000001 0.9097578125 0.026773437500000004 0.043125000000000004
1 0.7368828125 0.9597187500000001 0.0408671875 0.0805546875
1 0.9548359375000001 0.463296875 0.020171875 0.028679687500000002
1 0.9317500000000001 0.47944531250000005 0.0191328125 0.0227734375
1 0.935484375 0.4307578125 0.021390625 0.0313046875
1 0.9462421875 0.2756171875 0.015140625 0.0352578125
1 0.9601328125 0.2209453125 0.015140625 0.0266171875
1 0.9478046875 0.0695078125 0.021734375 0.0518671875
1 0.7998984375 0.1213125 0.0523125 0.1120625
1 0.9743671875000001 0.171046875 0.02971875 0.050078124999999994
1 0.9705468749999999 0.1133359375 0.022078125 0.019734375000000002
1 0.9607421875 0.0166015625 0.0319765625 0.033203125
1 0.928625 0.786359375 0.019828125 0.028968749999999998
1 0.66015625 0.0145234375 0.0193515625 0.023484375
1 0.6736953125 0.183390625 0.01865625 0.0313671875
1 0.701734375 0.2182734375 0.02090625 0.06293750000000001