0 0.109234375 0.122296875 0.125859375 0.21847656249999997
0 0.0712421875 0.3906484375 0.113984375 0.180484375
0 0.0474921875 0.84065625 0.0949921875 0.2137265625
0 0.48800781249999997 0.709453125 0.1044921875 0.1959140625
0 0.5378828125 0.3657109375 0.0926171875 0.23747656250000002
0 0.5651875000000001 0.02909375 0.12348437500000001 0.055804687500000005
0 0.9571406250000001 0.423296875 0.0857265625 0.1080546875
0 0.9487109374999999 0.84896875 0.0926171875 0.156734375
0 0.9844453124999999 0.127640625 0.031101562500000002 0.0700546875
1 0.18463281250000002 0.8240390625 0.119921875 0.14485937499999998
1 0.144265625 0.6762109374999999 0.110421875 0.14842187499999998
1 0.07064843750000001 0.703515625 0.0249375 0.051054687499999994
1 0.0095 0.5889375 0.019 0.03325
1 0.0053437499999999995 0.6477109375000001 0.010687499999999999 0.0320625
1 0.01246875 0.7207343749999999 0.0249375 0.0403671875
1 0.0528359375 0.57646875 0.07717968750000001 0.0795546875
1 0.130609375 0.571125 0.03325 0.0451171875
1 0.140109375 0.4969140625 0.0427421875 0.055804687500000005
1 0.0486796875 0.4921640625 0.0379921875 0.0320625
1 0.26240625 0.556875 0.0902421875 0.17098437500000002
1 0.21253906250000001 0.3787734375 0.0736171875 0.0949921875
1 0.28378125 0.426265625 0.0664921875 0.109234375
1 0.166234375 0.455953125 0.028499999999999998 0.019
1 0.16207812500000002 0.415578125 0.046304687500000004 0.0403671875
1 0.164453125 0.3401796875 0.0296875 0.0225625
1 0.0700546875 0.265375 0.0379921875 0.0700546875
1 0.151390625 0.28259375000000003 0.051054687499999994 0.0902421875
1 0.2018515625 0.23272656249999998 0.0498671875 0.11873437499999999
1 0.25409375 0.1988828125 0.03325 0.0676796875
1 0.23807031250000002 0.12882812500000002 0.0368046875 0.0700546875
1 0.2321328125 0.06589843749999999 0.0368046875 0.0653046875
1 0.007124999999999999 0.23450781250000002 0.014249999999999999 0.0653046875
1 0.0451171875 0.10330468749999999 0.026125 0.0451171875
1 0.055804687500000005 0.0409609375 0.035625000000000004 0.0700546875
1 0.1905703125 0.021968750000000002 0.034437499999999996 0.0296875
1 0.179296875 0.0664921875 0.03325 0.0403671875
1 0.10686718749999999 0.9785703124999999 0.03325 0.0428671875
1 0.54440625 0.86025 0.0368046875 0.043929687499999995
1 0.48325781250000005 0.9481171875 0.0403671875 0.051054687499999994
1 0.89825 0.975421875 0.0320625 0.0486796875
1 0.9018124999999999 0.7142031249999999 0.0368046875 0.0605546875
1 0.9463359375 0.720140625 0.028499999999999998 0.034437499999999996
1 0.9724609375 0.7717890625 0.0427421875 0.0474921875
1 0.5770625 0.6779921875 0.019 0.0427421875
1 0.9386171875 0.58775 0.0368046875 0.0379921875
1 0.9552421875 0.6340546875 0.0320625 0.0379921875
1 0.9362421875000001 0.5176953125 0.034437499999999996 0.061742187500000004
1 0.968421875 0.32059375 0.06316406249999999 0.0926171875
1 0.984328125 0.2689375 0.028499999999999998 0.034437499999999996
1 0.9903828125 0.0647109375 0.019234375 0.046304687500000004
1 0.5545 0.0753984375 0.035625000000000004 0.0534296875
1 0.455953125 0.2546875 0.028499999999999998 0.0391796875
1 0.60496875 0.404296875 0.017812500000000002 0.034437499999999996
1 0.1858203125 0.9237734375000001 0.0368046875 0.030875000000000003
1 0.016625 0.9760156249999999 0.02375 0.0427421875
1 0.043929687499999995 0.6524609375 0.0403671875 0.0415546875
1 0.8756875000000001 0.83234375 0.0368046875 0.08074218749999999
1 0.6287109375 0.174546875 0.0273125 0.030875000000000003
1 0.58359375 0.12882812500000002 0.0368046875 0.0368046875