0 0.22605468750000002 0.10846093750000001 0.0890546875 0.1370078125
0 0.223203125 0.45039843749999997 0.1061796875 0.15184375
0 0.23290625 0.784921875 0.084484375 0.145
0 0.51490625 0.7129921875 0.0707890625 0.1381484375
0 0.5251796875 0.9835078125000001 0.050234375 0.0329765625
0 0.8654140625 0.7575234375 0.09818750000000001 0.129015625
0 0.8619843749999999 0.47209375 0.07763281250000001 0.1495625
0 0.8545624999999999 0.12045312500000001 0.08334375000000001 0.1427109375
0 0.5097734375 0.4172890625 0.09475781250000001 0.1609765625
0 0.509203125 0.1153125 0.10503906249999999 0.14842187499999998
1 0.8146015625 0.9019453125 0.0605078125 0.0936171875
1 0.8985234375 0.9419062500000001 0.047953125 0.1096015625
1 0.8186015624999999 0.9869375 0.0616484375 0.026125
1 0.80546875 0.8014765625000001 0.0285390625 0.045671875
1 0.902515625 0.6713203125 0.0285390625 0.1598359375
1 0.9379062499999999 0.6136640625 0.0422421875 0.135859375
1 0.9002343749999999 0.573703125 0.037679687499999996 0.0559453125
1 0.8100390624999999 0.619375 0.0399609375 0.1541328125
1 0.8528515625 0.5765625 0.0273984375 0.0685
1 0.821453125 0.7055703125 0.033109375 0.045671875
1 0.8505703125 0.6667578125 0.031968750000000004 0.0685
1 0.5622890625 0.9270625000000001 0.033109375 0.0433828125
1 0.51490625 0.9413359375000001 0.0228359375 0.05365625
1 0.5166171875 0.8722578125 0.0399609375 0.047953125
1 0.5611484375 0.8654140625 0.0239765625 0.0411015625
1 0.5548671875 0.7843515625 0.038820312499999995 0.084484375
1 0.554296875 0.6490546875 0.030828125 0.035390624999999995
1 0.512625 0.631359375 0.0273984375 0.0296875
1 0.5251796875 0.5896874999999999 0.03425 0.0239765625
1 0.5143359375000001 0.5343203125 0.033109375 0.038820312499999995
1 0.53603125 0.4909296875 0.033109375 0.050234375
1 0.5594375 0.3527890625 0.03653125 0.07763281250000001
1 0.8014765625000001 0.4566796875 0.045671875 0.1324375
1 0.7991953125 0.3584921875 0.0433828125 0.0685
1 0.842578125 0.3527890625 0.03425 0.082203125
1 0.8956640625000001 0.3624921875 0.049093750000000005 0.069640625
1 0.864265625 0.38189843749999997 0.0228359375 0.0285390625
1 0.915078125 0.4566796875 0.026257812499999998 0.13015625
1 0.2568828125 0.9526875 0.03425 0.0946328125
1 0.21921093749999998 0.9703828124999999 0.038820312499999995 0.05923437499999999
1 0.251171875 0.8625546875 0.0251171875 0.051375000000000004
1 0.26658593750000004 0.6838828125 0.0239765625 0.0433828125
1 0.230625 0.6827421874999999 0.03653125 0.0433828125
1 0.20950000000000002 0.5548671875 0.030828125 0.079921875
1 0.24832031250000003 0.5400234375 0.037679687499999996 0.0753515625
1 0.2546015625 0.42185937500000004 0.0251171875 0.07878125
1 0.23005468750000002 0.34365625 0.062796875 0.084484375
1 0.21921093749999998 0.24603906250000002 0.03653125 0.07421093749999999
1 0.261453125 0.23290625 0.03425 0.06621875
1 0.2077890625 0.18324218750000001 0.0753515625 0.0445234375
1 0.2654453125 0.0685 0.0285390625 0.0685
1 0.2271953125 0.01484375 0.031968750000000004 0.0251171875
1 0.5337500000000001 0.01940625 0.033109375 0.038820312499999995
1 0.49321875000000004 0.2631640625 0.0296875 0.051375000000000004
1 0.5440234375 0.2791484375 0.037679687499999996 0.0399609375
1 0.5560078125000001 0.43384375000000003 0.031968750000000004 0.03653125
1 0.8014765625000001 0.0325390625 0.0411015625 0.0468125
1 0.7974765625 0.0936171875 0.035390624999999995 0.054804687500000004
1 0.8066171875 0.28028906249999996 0.035390624999999995 0.0399609375
1 0.8437187500000001 0.2780078125 0.0228359375 0.0582265625
1 0.902515625 0.2791484375 0.037679687499999996 0.062796875
1 0.8545624999999999 0.210640625 0.051375000000000004 0.051375000000000004
1 0.8071875000000001 0.23633593749999998 0.0251171875 0.047953125
1 0.9070859375 0.11417187499999999 0.030828125 0.054804687500000004
1 0.8968046875000001 0.0199765625 0.035390624999999995 0.0399609375
1 0.9447578125 0.055374999999999994 0.0216953125 0.049093750000000005
1 0.8819687500000001 0.052515624999999996 0.0445234375 0.038820312499999995