0 0.0609375 0.23984375 0.096875 0.2109375
0 0.059375 0.62734375 0.096875 0.2109375
0 0.5296875 0.0984375 0.06875 0.184375
0 0.49609375 0.46015625 0.1078125 0.1953125
0 0.5109375 0.8609375 0.1 0.2
0 0.97734375 0.32890625 0.0453125 0.1171875
0 0.95546875 0.81328125 0.0890625 0.2234375
1 0.11953125 0.046875 0.0265625 0.05625
1 0.0578125 0.03984375 0.03125 0.0359375
1 0.06875 0.08203125 0.01875 0.0109375
1 0.13828125 0.36171875 0.0546875 0.0234375
1 0.1421875 0.40859375 0.03125 0.0296875
1 0.075 0.4640625 0.040625 0.034375
1 0.04921875 0.50625 0.0296875 0.015625
1 0.165625 0.59609375 0.065625 0.1015625
1 0.18828125 0.4875 0.0703125 0.028125
1 0.3625 0.071875 0.05625 0.040625
1 0.4546875 0.084375 0.040625 0.046875
1 0.48359375 0.15078125 0.0484375 0.0359375
1 0.48203125 0.278125 0.0796875 0.1625
1 0.57265625 0.3984375 0.0296875 0.1
1 0.57109375 0.5140625 0.0328125 0.0625
1 0.51015625 0.6578125 0.1484375 0.19375
1 0.60625 0.6328125 0.021875 0.04375
1 0.62265625 0.70390625 0.0390625 0.0390625
1 0.678125 0.71484375 0.0375 0.0453125
1 0.821875 0.7484375 0.04375 0.078125
1 0.76640625 0.89765625 0.0703125 0.2015625
1 0.65390625 0.88515625 0.1609375 0.2203125
1 0.38828125 0.88515625 0.1359375 0.2296875
1 0.20859375 0.92421875 0.2203125 0.1515625
0 0.04765625 0.97265625 0.0421875 0.0546875
1 0.14765625 0.79375 0.0640625 0.071875
1 0.1671875 0.7125 0.046875 0.06875
1 0.36796875 0.67734375 0.0546875 0.0640625
1 0.95546875 0.1703125 0.0390625 0.046875
1 0.97109375 0.0578125 0.0296875 0.040625
1 0.78359375 0.70078125 0.0265625 0.0328125
1 0.96328125 0.95703125 0.0734375 0.0734375
1 0.071875 0.76328125 0.03125 0.0296875
1 0.00625 0.92109375 0.0125 0.0609375
1 0.36953125 0.74921875 0.0671875 0.0390625
1 0.72265625 0.7140625 0.0453125 0.034375
1 0.209375 0.80078125 0.046875 0.0921875
1 0.2390625 0.18828125 0.178125 0.2421875
1 0.7890625 0.52890625 0.34375 0.1765625
1 0.36640625 0.41953125 0.1203125 0.1109375
1 0.35390625 0.5640625 0.0671875 0.1
1 0.2546875 0.425 0.04375 0.053125
1 0.19765625 0.409375 0.0734375 0.0875
1 0.240625 0.5265625 0.078125 0.05
1 0.25390625 0.6828125 0.0671875 0.11875
1 0.8265625 0.184375 0.034375 0.053125
1 0.834375 0.290625 0.028125 0.103125
1 0.83828125 0.9328125 0.0421875 0.084375