0 0.2654296875 0.13159375 0.11752343750000001 0.1516171875
0 0.19917968749999998 0.5502421875 0.12532812499999998 0.19832031249999998
0 0.15353125 0.908515625 0.0963828125 0.1654765625
0 0.7198984375 0.1572265625 0.095875 0.1558515625
0 0.6675703125 0.49253125000000003 0.0626796875 0.1119140625
0 0.6309375 0.7770078125000001 0.08328125 0.1358359375
0 0.956234375 0.9490390625 0.08753125 0.10192187500000001
1 0.9819765625000001 0.5725390625 0.0360546875 0.14842187499999998
1 0.0208984375 0.1172109375 0.041796875 0.171828125
1 0.07568749999999999 0.09929687499999999 0.035164062499999996 0.054093749999999996
1 0.1902421875 0.19125 0.032218750000000004 0.086890625
1 0.3202421875 0.1209375 0.0186484375 0.0240625
1 0.05034375 0.2650390625 0.0273671875 0.0404375
1 0.1678203125 0.3179609375 0.0185703125 0.035140624999999995
1 0.18746093749999998 0.3768359375 0.023734375 0.0358828125
1 0.22914062500000001 0.3673359375 0.022265625 0.027609375000000002
1 0.197796875 0.33171093749999997 0.020999999999999998 0.033375
1 0.20793750000000003 0.4054921875 0.033484375 0.0346953125
1 0.165234375 0.44584375 0.026078125 0.0335078125
1 0.149640625 0.4192421875 0.0143828125 0.017335937500000002
1 0.17776562499999998 0.42528125 0.015062500000000001 0.0177265625
1 0.0243125 0.4193828125 0.02015625 0.034203125
1 0.2446875 0.5650937500000001 0.0192421875 0.0418984375
1 0.2517578125 0.6078359375 0.01290625 0.021117187500000002
1 0.12692187500000002 0.7340078125 0.033296875 0.0989296875
1 0.19165625 0.7727109375000001 0.014570312499999998 0.0261953125
1 0.1755234375 0.826609375 0.025789062499999998 0.057937499999999996
1 0.1522734375 0.8069765625 0.013796875 0.017695312499999998
1 0.160265625 0.83178125 0.0141875 0.01953125
1 0.24493749999999997 0.8997187500000001 0.01875 0.030609375
1 0.21310156249999998 0.879984375 0.026265624999999997 0.0357890625
1 0.29796875 0.016835937500000002 0.0117265625 0.029578125
1 0.40014062499999997 0.018789062500000002 0.02496875 0.02178125
1 0.41334375 0.2482890625 0.0219921875 0.0305234375
1 0.529203125 0.44330468749999996 0.027945312500000003 0.0326171875
1 0.48619531250000003 0.650984375 0.023671875000000002 0.028875
1 0.5085078125 0.6586328124999999 0.014734375 0.026015624999999997
1 0.50578125 0.7072109375 0.018734375 0.023265625
1 0.5538515625 0.719203125 0.0461015625 0.0718984375
1 0.6207265625 0.6042109375 0.12925 0.10478125
1 0.7111562499999999 0.5536953125 0.037640625 0.06784375000000001
1 0.5821328125 0.48527343749999996 0.0248203125 0.043890625
1 0.62890625 0.9082421875 0.0288359375 0.1230078125
1 0.5543046875 0.86565625 0.053500000000000006 0.13774999999999998
1 0.506234375 0.98240625 0.0313203125 0.0351953125
1 0.5700078125 0.781734375 0.014835937499999998 0.0243984375
1 0.7177109374999999 0.6803046875 0.070203125 0.0395078125
1 0.7326328125 0.7298515625 0.029984375 0.050375
1 0.757734375 0.7854375 0.0223046875 0.0253046875
1 0.7270546875 0.7828359375 0.026609375 0.0356875
1 0.69384375 0.741140625 0.0068984375 0.013273437499999999
1 0.6651640624999999 0.9323203124999999 0.0248046875 0.0842421875
1 0.6758046875 0.8744140625 0.025328125 0.0268125
1 0.6147578125 0.5089140624999999 0.028867187500000002 0.055765625
1 0.6017890625 0.3277734375 0.032421875 0.048343750000000005
1 0.6375703125000001 0.411921875 0.057390624999999994 0.091171875
1 0.6717421875 0.366421875 0.00146875 0.002203125
1 0.69121875 0.35971875 0.057140625 0.07520312500000001
1 0.7286718750000001 0.2924375 0.03765625 0.050562499999999996
1 0.6410390625 0.288203125 0.0619296875 0.040890625
1 0.7905 0.42866406250000005 0.0430234375 0.0780703125
1 0.8369140625 0.4056796875 0.0199609375 0.033296875
1 0.7766953125 0.2853359375 0.023796875000000002 0.0399296875
1 0.8360859375 0.20090625 0.0242890625 0.0371484375
1 0.6618984375 0.0265859375 0.053468749999999995 0.053171875
1 0.73209375 0.021328125 0.0391328125 0.0426640625
1 0.71584375 0.06982812499999999 0.028726562500000004 0.0450234375
1 0.6584296875 0.07275781249999999 0.0393671875 0.030570312500000002
1 0.649296875 0.17482031250000002 0.044265624999999996 0.07959374999999999
1 0.9176171875 0.6752109374999999 0.0209609375 0.0310390625
1 0.903234375 0.7217890625 0.01928125 0.0239140625
1 0.9312343750000001 0.7844765625 0.0218359375 0.040195312500000004
1 0.9846796875000001 0.8248828125 0.030640624999999998 0.1546953125
1 0.9731796875000001 0.9055781250000001 0.01934375 0.033695312500000005
1 0.8346406249999999 0.982609375 0.038765625 0.034749999999999996
1 0.7376484375000001 0.9820703125 0.0453671875 0.035867187499999995