0 0.0092578125 0.1383046875 0.018515625 0.1061953125
0 0.266734375 0.485921875 0.11114062499999999 0.1741171875
0 0.20066406250000002 0.815015625 0.112375 0.16299999999999998
0 0.5859453125 0.39021875 0.080265625 0.125953125
0 0.2877265625 0.22474218750000002 0.0913828125 0.16299999999999998
0 0.65509375 0.05248437500000001 0.1024921875 0.10496093749999999
0 0.9033046875 0.779203125 0.082734375 0.121015625
0 0.5933515625 0.7193125 0.06544531249999999 0.1173125
1 0.017906250000000002 0.062359374999999995 0.035812500000000004 0.0456875
1 0.1741171875 0.220421875 0.046921875 0.0605078125
1 0.100640625 0.24326562499999999 0.035812500000000004 0.046921875
1 0.016671875 0.669296875 0.03334375 0.0765625
1 0.1691796875 0.96678125 0.044453124999999996 0.06643750000000001
1 0.225984375 0.9414609374999999 0.061742187500000004 0.1170703125
1 0.2123984375 0.7106640625 0.0518671875 0.06791406250000001
1 0.2772265625 0.6884375 0.035812500000000004 0.077796875
1 0.2531484375 0.61990625 0.044453124999999996 0.0518671875
1 0.3043984375 0.35378906250000003 0.030875000000000003 0.072859375
1 0.23956249999999998 0.39268749999999997 0.022226562499999998 0.046921875
1 0.32229687500000004 0.13274999999999998 0.059273437500000005 0.1173125
1 0.36490625 0.116078125 0.0234609375 0.044453124999999996
1 0.3729296875 0.024078125 0.029640624999999997 0.040749999999999995
1 0.4865390625 0.977890625 0.032109375 0.044210937500000005
1 0.587796875 0.959984375 0.07162500000000001 0.0800234375
1 0.52790625 0.9624609375000001 0.0506328125 0.0750859375
1 0.608171875 0.85390625 0.0629765625 0.10496093749999999
1 0.5371640625 0.8403281249999999 0.08149999999999999 0.1321328125
1 0.6483046875 0.68103125 0.041984375000000004 0.12225
1 0.526671875 0.71684375 0.0531015625 0.0975546875
1 0.6013828125 0.6371875 0.049398437499999996 0.0543359375
1 0.6273125 0.582859375 0.0543359375 0.07903125
1 0.5661875000000001 0.5661875000000001 0.06544531249999999 0.12471874999999999
1 0.5834765625 0.4939453125 0.072859375 0.07409375
1 0.942203125 0.9686328124999999 0.0963203125 0.062734375
1 0.9716015625000001 0.8656406249999999 0.056796875000000004 0.07162500000000001
1 0.8699609374999999 0.8996015625 0.06791406250000001 0.0901484375
1 0.9261484375 0.8891015624999999 0.059273437500000005 0.1061953125
1 0.8514375 0.814390625 0.072859375 0.085203125
1 0.9766562499999999 0.7359765625 0.0466796875 0.07903125
1 0.9107109375 0.613109375 0.159296875 0.20128125
1 0.8958984375 0.4877734375 0.072859375 0.061742187500000004
1 0.8996015625 0.41676562500000003 0.0531015625 0.072859375
1 0.9502265624999999 0.37478125 0.03334375 0.0531015625
1 0.9631953125000001 0.46121875 0.049398437499999996 0.0259296875
1 0.9613437499999999 0.3013046875 0.06791406250000001 0.044453124999999996
1 0.949609375 0.225984375 0.032109375 0.0543359375
1 0.990859375 0.2593203125 0.01828125 0.049398437499999996
1 0.9877734374999999 0.1815234375 0.024453125 0.041984375000000004
1 0.942203125 0.029640624999999997 0.032109375 0.059273437500000005
1 0.9865390625 0.022226562499999998 0.026921875 0.044453124999999996
1 0.5896484375 0.0388984375 0.030875000000000003 0.072859375
1 0.574828125 0.1685625 0.035812500000000004 0.04815625
1 0.6680625 0.1432421875 0.10372656250000001 0.07903125
1 0.6915234375 0.0858203125 0.041984375000000004 0.0456875
1 0.6433671875 0.25993750000000004 0.06915625 0.1420078125
1 0.5933515625 0.27784375 0.040749999999999995 0.10125781250000002
1 0.5822421875 0.2086953125 0.0234609375 0.037046875
0 0.9649296875 0.0969375 0.07014843750000001 0.11484375
1 0.551984375 0.2914296875 0.041984375000000004 0.07409375