0 0.8734375 0.1828125 0.071875 0.0875
0 0.6328125 0.1921875 0.05625 0.0875
0 0.64609375 0.4109375 0.0796875 0.134375
0 0.903125 0.4484375 0.08125 0.10625
0 0.90625 0.6390625 0.05625 0.090625
0 0.89296875 0.93125 0.0453125 0.084375
0 0.65859375 0.8828125 0.0859375 0.115625
0 0.6625 0.64609375 0.06875 0.0984375
0 0.41015625 0.61875 0.0640625 0.1
0 0.4171875 0.93359375 0.075 0.1171875
0 0.40625 0.375 0.065625 0.071875
0 0.13828125 0.60390625 0.0578125 0.0765625
0 0.15859375 0.3484375 0.0390625 0.075
1 0.40872656249999995 0.1467109375 0.07763281250000001 0.234046875
1 0.4287109375 0.291703125 0.0399609375 0.0605078125
1 0.368203125 0.554296875 0.030828125 0.05365625
1 0.393890625 0.54059375 0.0273984375 0.0605078125
1 0.4258515625 0.5303203125 0.018265625 0.065078125
1 0.4332734375 0.4766640625 0.0239765625 0.030828125
1 0.3990234375 0.44925781249999996 0.0422421875 0.051375000000000004
1 0.1221640625 0.3830390625 0.045671875 0.08562499999999999
1 0.1221640625 0.252890625 0.0411015625 0.0559453125
1 0.1672578125 0.7929140625 0.0445234375 0.030828125
1 0.1855234375 0.8220234375000001 0.0216953125 0.045671875
1 0.407015625 0.8003359375000001 0.065078125 0.09590625
1 0.404734375 0.716421875 0.0399609375 0.035390624999999995
1 0.4275703125 0.6913046875 0.0285390625 0.033109375
1 0.4469765625 0.706140625 0.0216953125 0.035390624999999995
1 0.6599062499999999 0.9738749999999999 0.0936171875 0.047953125
1 0.6507734375 0.7803515625 0.09818750000000001 0.069640625
1 0.65134375 0.7152734374999999 0.07192968749999999 0.0468125
1 0.6541953125 0.5645703125 0.047953125 0.0559453125
1 0.6113828125 0.526328125 0.033109375 0.013703125
1 0.6393515625 0.289421875 0.0707890625 0.1107421875
1 0.6404921875 0.0764921875 0.0890546875 0.150703125
1 0.85628125 0.3539296875 0.0411015625 0.057085937499999996
1 0.8882421875000001 0.33223437499999997 0.038820312499999995 0.054804687500000004
1 0.8796796875 0.27058593750000004 0.065078125 0.054804687500000004
1 0.8397265624999999 0.4395546875 0.0422421875 0.1073203125
1 0.8625546875 0.566859375 0.0445234375 0.08562499999999999
1 0.90365625 0.546875 0.0445234375 0.10275000000000001
1 0.9202109374999999 0.8157500000000001 0.0411015625 0.1586953125
1 0.8893906250000001 0.765515625 0.0296875 0.0399609375
1 0.8928125 0.8414375 0.0228359375 0.082203125
1 0.8922421875 0.9868671875 0.1061796875 0.026257812499999998
1 0.274578125 0.9897890625000001 0.065078125 0.020421875
1 0.1495625 0.08734375 0.0685 0.07421093749999999
1 0.20379687500000002 0.04509375 0.026257812499999998 0.0399609375
1 0.3893203125 0.011984375 0.06621875 0.0239765625
1 0.868265625 0.01940625 0.033109375 0.038820312499999995