0 0.0239765625 0.289421875 0.047953125 0.1153125
1 0.264875 0.015984375000000002 0.0753515625 0.0273984375
0 0.2631640625 0.25232031250000003 0.07878125 0.146140625
0 0.26887500000000003 0.5594375 0.067359375 0.11417187499999999
0 0.261453125 0.851140625 0.084484375 0.1586953125
0 0.49778124999999995 0.8197421874999999 0.084484375 0.1255859375
0 0.5154765625 0.5731328125 0.05365625 0.086765625
0 0.5023515625 0.21692187500000001 0.082203125 0.150703125
0 0.8260234375 0.8825390625 0.07421093749999999 0.1096015625
0 0.8134609375 0.6079609375 0.062796875 0.1267265625
0 0.7963359375 0.0325390625 0.0399609375 0.065078125
0 0.7826328124999999 0.32995312499999996 0.0445234375 0.084484375
1 0.27058593750000004 0.376765625 0.06621875 0.09818750000000001
1 0.276859375 0.695296875 0.026257812499999998 0.152984375
1 0.2974140625 0.712421875 0.0285390625 0.0251171875
0 0.2506015625 0.7386796875 0.0239765625 0.0296875
0 0.266015625 0.137578125 0.0433828125 0.0901953125
1 0.047953125 0.0530859375 0.03653125 0.0399609375
0 0.0102734375 0.046265625 0.020546875 0.0925390625
1 0.0399609375 0.1918671875 0.0273984375 0.0685
1 0.0599375 0.5560703124999999 0.030828125 0.050234375
1 0.058796875000000005 0.8266562499999999 0.0216953125 0.0433828125
1 0.0422421875 0.7832656250000001 0.0273984375 0.045671875
1 0.01484375 0.9698125 0.0296875 0.060375
1 0.029117187500000002 0.9105078125 0.0285390625 0.049093750000000005
1 0.013703125 0.8305859375000001 0.0273984375 0.0879140625
1 0.015984375000000002 0.7289765625 0.031968750000000004 0.065078125
1 0.0313984375 0.6319296875 0.062796875 0.067359375
1 0.013132812499999999 0.5428828125 0.026257812499999998 0.08106250000000001
1 0.058796875000000005 0.4606796875 0.035390624999999995 0.037679687499999996
1 0.026257812499999998 0.4235703125 0.018265625 0.0251171875
1 0.005140625 0.43099218749999996 0.0102734375 0.049093750000000005
1 0.029117187500000002 0.47437500000000005 0.01940625 0.0468125
1 0.111890625 0.21863281250000002 0.03653125 0.0399609375
1 0.0462421875 0.10903125 0.035390624999999995 0.037679687499999996
1 0.2899921875 0.9122187500000001 0.038820312499999995 0.047953125
1 0.3122578125 0.8420078125 0.0239765625 0.067359375
1 0.4955 0.9047968750000001 0.0296875 0.033109375
1 0.558296875 0.9070859375 0.03425 0.07878125
1 0.5314609375 0.979515625 0.07421093749999999 0.04096875
1 0.51890625 0.94646875 0.017125 0.038820312499999995
1 0.5525859375 0.761515625 0.0411015625 0.06393750000000001
1 0.5548671875 0.8465703124999999 0.038820312499999995 0.049093750000000005
1 0.571421875 0.6838828125 0.05365625 0.054804687500000004
1 0.50634375 0.718703125 0.0285390625 0.037679687499999996
1 0.5046328124999999 0.6456328124999999 0.0251171875 0.0422421875
1 0.54459375 0.6359296875 0.03425 0.045671875
1 0.5657109375 0.5588671875 0.0399609375 0.0901953125
1 0.48350781249999997 0.43499218749999996 0.030828125 0.0753515625
1 0.5548671875 0.3305234375 0.045671875 0.0764921875
1 0.57884375 0.3756171875 0.038820312499999995 0.03653125
1 0.5326015625 0.3956015625 0.0239765625 0.030828125
1 0.5731328125 0.45039843749999997 0.0296875 0.037679687499999996
1 0.5337500000000001 0.47894531249999994 0.051375000000000004 0.07421093749999999
1 0.55771875 0.21578124999999998 0.033109375 0.1073203125
1 0.7518125 0.011984375 0.0399609375 0.0239765625
1 0.8380078125000001 0.040531250000000005 0.03425 0.07878125
1 0.759234375 0.10789062499999999 0.0273984375 0.051375000000000004
1 0.7900625 0.09190625 0.0228359375 0.026257812499999998
1 0.7501015625 0.165546875 0.050234375 0.047953125
1 0.77521875 0.19637500000000002 0.03425 0.0251171875
1 0.8551328125 0.1541328125 0.06393750000000001 0.07763281250000001
1 0.842578125 0.24832031250000003 0.0296875 0.0468125
1 0.76665625 0.274578125 0.0468125 0.07421093749999999
1 0.8237421875000001 0.3185390625 0.0239765625 0.06621875
1 0.867125 0.299125 0.033109375 0.0433828125
1 0.8716875 0.3550703125 0.0285390625 0.031968750000000004
1 0.8271640625 0.4104453125 0.030828125 0.062796875
1 0.8676953125000001 0.5080546874999999 0.052515624999999996 0.2055078125
1 0.7969062499999999 0.48293749999999996 0.0273984375 0.03425
1 0.759234375 0.45610937500000004 0.038820312499999995 0.05365625
1 0.7700781250000001 0.5228984375 0.0239765625 0.03653125
1 0.8585625 0.723265625 0.054804687500000004 0.11303125
1 0.772359375 0.648484375 0.0582265625 0.10275000000000001
1 0.7632265625 0.733546875 0.017125 0.030828125
1 0.78834375 0.7255546875000001 0.033109375 0.065078125
1 0.7637968749999999 0.8465703124999999 0.03425 0.0239765625
1 0.7740781250000001 0.9110781250000001 0.03425 0.031968750000000004
1 0.855703125 0.9636015625000001 0.0422421875 0.0296875
1 0.78834375 0.9840859375000001 0.0239765625 0.0318359375
1 0.8186015624999999 0.969875 0.0228359375 0.0582265625
1 0.857421875 0.830015625 0.03425 0.06621875
1 0.347078125 0.4937890625 0.0296875 0.0399609375