0 0.030257812499999998 0.12045312500000001 0.0605078125 0.0901953125
0 0.0142734375 0.375046875 0.0285390625 0.065078125
0 0.31339843749999996 0.16440625 0.0924765625 0.13015625
0 0.272296875 0.4178671875 0.1107421875 0.17582031250000002
0 0.24146874999999998 0.780921875 0.1061796875 0.17582031250000002
0 0.220921875 0.9852265625 0.051375000000000004 0.0295546875
0 0.5417421874999999 0.855703125 0.10846093750000001 0.1564140625
0 0.58740625 0.51034375 0.11303125 0.1735390625
0 0.8905312500000001 0.54459375 0.07763281250000001 0.1255859375
0 0.939625 0.2346171875 0.084484375 0.1404296875
0 0.6319296875 0.1878125 0.07421093749999999 0.0901953125
0 0.9573203124999999 0.0251171875 0.0764921875 0.050234375
1 0.041671875000000004 0.0496640625 0.0216953125 0.05365625
1 0.0216953125 0.0667890625 0.0411015625 0.026257812499999998
1 0.013703125 0.23005468750000002 0.0273984375 0.026257812499999998
1 0.0085625 0.41957812499999997 0.017125 0.01940625
1 0.3145390625 0.065078125 0.033109375 0.0616484375
1 0.3550703125 0.06621875 0.052515624999999996 0.0685
1 0.31396875 0.27058593750000004 0.06621875 0.086765625
1 0.274578125 0.310546875 0.026257812499999998 0.054804687500000004
1 0.303125 0.34878906249999997 0.0582265625 0.037679687499999996
1 0.23633593749999998 0.5228984375 0.015984375000000002 0.0411015625
1 0.280859375 0.594828125 0.047953125 0.0685
1 0.2420390625 0.6370703125 0.052515624999999996 0.10275000000000001
1 0.2774375 0.6975781249999999 0.031968750000000004 0.050234375
1 0.4395546875 0.19865625 0.0273984375 0.0296875
1 0.4840859375 0.19009375 0.031968750000000004 0.062796875
1 0.42300000000000004 0.347078125 0.05365625 0.050234375
1 0.4332734375 0.4509765625 0.051375000000000004 0.09133593749999999
1 0.4949296875 0.46467187499999996 0.030828125 0.050234375
1 0.4629609375 0.409875 0.030828125 0.052515624999999996
1 0.42242968750000004 0.691875 0.045671875 0.059367187499999995
1 0.641640625 0.0770625 0.10046875 0.1541328125
1 0.5611484375 0.25003125000000004 0.051375000000000004 0.09133593749999999
1 0.5782734375 0.1598359375 0.030828125 0.079921875
1 0.605671875 0.2677265625 0.0422421875 0.0559453125
1 0.6559062499999999 0.2774375 0.062796875 0.1392890625
1 0.5976796875 0.36078125 0.05365625 0.1255859375
1 0.635359375 0.40815625000000005 0.037679687499999996 0.119875
1 0.6336484375 0.54059375 0.0411015625 0.0445234375
1 0.5240390625 0.59996875 0.047953125 0.099328125
1 0.562859375 0.7163984375 0.09818750000000001 0.12896093749999998
1 0.588546875 0.615328125 0.08334375000000001 0.079921875
1 0.340796875 0.9606953125000001 0.05365625 0.0445234375
1 0.23690625 0.9184531249999999 0.0582265625 0.10389843750000001
1 0.286 0.9053203125 0.0216953125 0.031968750000000004
1 0.26373437499999997 0.9835312500000001 0.031968750000000004 0.030828125
1 0.47437500000000005 0.9589375 0.062796875 0.0821171875
1 0.5856953125000001 0.8316796875 0.0296875 0.1381484375
1 0.566859375 0.9680703125000001 0.0285390625 0.0638515625
1 0.30369531250000004 0.0142734375 0.015984375000000002 0.0285390625
1 0.9042265625000001 0.0285390625 0.06393750000000001 0.057085937499999996
1 0.9378437500000001 0.11303125 0.1243125 0.111890625
1 0.8808203125 0.22605468750000002 0.035390624999999995 0.07763281250000001
1 0.8813984375 0.3208203125 0.03653125 0.03653125
1 0.9230703124999999 0.3613515625 0.097046875 0.067359375
1 0.8996640625 0.43384375000000003 0.11417187499999999 0.09818750000000001
1 0.9852265625 0.42642968750000004 0.0295546875 0.0399609375
1 0.9498984374999999 0.5463046874999999 0.03653125 0.1495625
1 0.9008046875 0.6581953125 0.1073203125 0.10846093750000001
1 0.8163203125 0.978375 0.086765625 0.04325
1 0.8813984375 0.9463828124999999 0.0411015625 0.052515624999999996
1 0.8248828125 0.9035703125 0.069640625 0.11303125
1 0.865984375 0.7842578125 0.1061796875 0.12786718749999998
1 0.3978828125 0.9754921875000001 0.0445234375 0.0468125