0 0.415140625 0.14363281249999998 0.0873125 0.1575859375
0 0.3911171875 0.4222734375 0.082234375 0.12500781249999998
0 0.6908984375 0.275625 0.091953125 0.15594531250000002
0 0.6612109375 0.5585546875 0.0950859375 0.139765625
0 0.6282109375 0.8526093749999999 0.0954765625 0.17317968749999998
0 0.33116406249999997 0.926953125 0.099046875 0.14609375
0 0.7174609375000001 0.06221875 0.09819531249999999 0.12365625
0 0.9570859374999999 0.8494921874999999 0.081359375 0.1200703125
1 0.1411875 0.023203124999999998 0.043710937500000005 0.0440703125
1 0.059750000000000004 0.025359375 0.0253671875 0.02103125
1 0.0606328125 0.0914453125 0.025171875 0.057499999999999996
1 0.117171875 0.10277343750000001 0.0230078125 0.03328125
1 0.020890625 0.10111718750000001 0.029664062499999998 0.0319140625
1 0.42280468750000005 0.2653203125 0.0288203125 0.036117187499999995
1 0.30367968749999996 0.2424765625 0.0327421875 0.0333984375
1 0.41167968750000006 0.30564843750000004 0.0182734375 0.0210546875
1 0.39546875 0.278015625 0.0210078125 0.0185390625
1 0.011609375 0.1651484375 0.0232265625 0.089671875
1 0.0688359375 0.1425078125 0.0259453125 0.028765625
1 0.041296875 0.22646875 0.02946875 0.0404375
1 0.104765625 0.35162499999999997 0.0275078125 0.036843749999999995
1 0.0954921875 0.398484375 0.03825 0.0446328125
1 0.043640625 0.267765625 0.03415625 0.031234374999999998
1 0.13377343749999998 0.172484375 0.013242187499999999 0.0203515625
1 0.14265624999999998 0.11868749999999999 0.017343749999999998 0.0201953125
1 0.0939296875 0.08822656250000001 0.0273125 0.0217734375
1 0.0477421875 0.150515625 0.015015625 0.0174375
1 0.0904140625 0.21085156249999998 0.02809375 0.017015625
1 0.11795312499999999 0.31853125000000004 0.0245703125 0.023390625
1 0.1294765625 0.34538281249999997 0.020273437499999998 0.0321640625
1 0.0392421875 0.40374999999999994 0.0429453125 0.09812499999999999
1 0.0135625 0.44964843749999994 0.0208828125 0.0297578125
1 0.095296875 0.4678984375 0.033953125 0.04478125
1 0.0649296875 0.48098437499999996 0.018140625 0.020171875
1 0.0747890625 0.5290546875000001 0.02809375 0.0401328125
1 0.081921875 0.6578593749999999 0.0325859375 0.04384375
1 0.07371875 0.5828828125000001 0.0318046875 0.0345078125
1 0.010046875 0.564625 0.0201015625 0.027296874999999998
1 0.0716640625 0.757703125 0.04528125 0.0716484375
1 0.06590625 0.8812031250000001 0.0318046875 0.035453125
1 0.010828125 0.8280937500000001 0.0216640625 0.0308046875
1 0.0323125 0.7298828125 0.034937499999999996 0.04140625
1 0.017374999999999998 0.9014140625 0.022640625 0.030953124999999998
1 0.044515624999999996 0.9531484375 0.0261484375 0.091453125
1 0.0189375 0.9470078125000001 0.025757812499999998 0.0381484375
1 0.45796093750000005 0.0230078125 0.020999999999999998 0.0460234375
1 0.34781249999999997 0.0969140625 0.042890625 0.0371953125
1 0.40171875 0.33561718749999997 0.0256953125 0.028265625
1 0.3823828125 0.31677343750000003 0.0221875 0.0237890625
1 0.388140625 0.5161640625 0.03565625 0.037796875
1 0.34488281249999997 0.48024218750000003 0.0221953125 0.020640625000000003
1 0.3603125 0.5177265625 0.021015625 0.0253046875
1 0.3275 0.4122890625 0.0178984375 0.033171875
1 0.380328125 0.5701484375 0.035664062499999996 0.057874999999999996
1 0.3459609375 0.5795234375 0.029414062499999998 0.045375
1 0.34976562499999997 0.657390625 0.093671875 0.1171328125
1 0.3522109375 0.7869453125 0.0497265625 0.136
1 0.5615625 0.956671875 0.0231328125 0.0438046875
1 0.6290390625 0.977640625 0.027218750000000003 0.0447265625
1 0.584515625 0.9577421875000001 0.0241015625 0.04790625
1 0.580703125 0.7934375 0.053593749999999996 0.0610859375
1 0.6028671875 0.6974609375 0.053007812499999994 0.1015625
1 0.5381328125 0.40708593750000005 0.0387578125 0.054015625
1 0.6368515625 0.3594453125 0.027218750000000003 0.044671875
1 0.7072578125 0.38473437499999996 0.025453125 0.019078125
1 0.6602890625 0.3848359375 0.01159375 0.0173203125
1 0.62953125 0.4743515625 0.018437500000000002 0.030351562500000002
1 0.555609375 0.5046171875 0.028796875 0.0713359375
1 0.58021875 0.4440546875 0.023328124999999998 0.042015625
1 0.8153515625000001 0.39503125 0.07171875 0.1275625
1 0.7690703125 0.5986875 0.0533671875 0.10128124999999999
1 0.9398515625 0.523328125 0.0258046875 0.0443125
1 0.923453125 0.57253125 0.0242421875 0.04115625
1 0.774734375 0.23005468750000002 0.045164062500000005 0.05932031250000001
1 0.7820546875 0.2966328125 0.061765625000000005 0.071390625
1 0.7304921875 0.1579921875 0.06021093749999999 0.0831640625
1 0.717609375 0.2014375 0.026625 0.0353046875
1 0.812515625 0.0293203125 0.0836328125 0.056296875
1 0.8413281250000001 0.1063515625 0.026015624999999997 0.0521484375
1 0.9445390625 0.03303125 0.08204687499999999 0.0660546875
1 0.9626093750000001 0.22935937499999998 0.0224765625 0.07160156250000001
1 0.8647656250000001 0.129484375 0.018203125 0.0417890625
1 0.8666171874999999 0.09346875 0.0160546875 0.026382812500000002
1 0.82296875 0.1411015625 0.028359375 0.05915625
1 0.7993359375 0.0817421875 0.0396953125 0.0576328125
1 0.9473750000000001 0.3765234375 0.023265625 0.0417109375
1 0.9386796875 0.6170859375 0.0234609375 0.03846875
1 0.9497187500000001 0.6737031250000001 0.027953125000000002 0.0579609375
1 0.9302890625 0.7343359375 0.0183828125 0.0210234375
1 0.9613359375 0.739609375 0.014085937500000001 0.01984375
1 0.9360468750000001 0.77459375 0.039671875 0.033171875
1 0.981359375 0.7731328125 0.0209140625 0.028296875
1 0.788203125 0.8 0.0682109375 0.125
1 0.8135 0.9181328125 0.0504296875 0.11517187499999999
1 0.7480703125 0.9406953124999999 0.0406796875 0.0528671875
1 0.9162265625 0.9786171875 0.0293203125 0.0427734375
1 0.8598828125000001 0.1786640625 0.027968749999999997 0.05225
1 0.845328125 0.2638828125 0.039882812499999996 0.1035546875
1 0.9204218750000001 0.2407578125 0.024046875000000002 0.035812500000000004
1 0.48559374999999994 0.808765625 0.0157265625 0.027296874999999998
1 0.41694531250000005 0.7296875 0.0249140625 0.021484375
1 0.6445703125 0.6583593750000001 0.0133515625 0.027265624999999998
1 0.7467109375 0.9777968749999999 0.0184140625 0.025515624999999997
1 0.053984374999999994 0.8285703124999999 0.013875000000000002 0.023109374999999998
1 0.015101562499999999 0.7780625 0.0194375 0.022789062500000002
1 0.3699296875 0.2352109375 0.020765625 0.023890625
1 0.3508359375 0.22028906250000002 0.0103515625 0.014875
1 0.4710546875 0.0711328125 0.0198828125 0.042953124999999995
1 0.4931015625 0.07035156249999999 0.011890625 0.0292421875
1 0.10918749999999999 0.027828125 0.0270625 0.0379453125
1 0.1529375 0.09473437500000001 0.0103828125 0.027664062499999996
1 0.362640625 0.3493828125 0.013132812499999999 0.0213359375
1 0.6448203125 0.4086015625 0.0167265625 0.0199765625
1 0.6834453125 0.40512499999999996 0.0158515625 0.01303125
1 0.0328046875 0.60328125 0.0131875 0.016968749999999998
1 0.023429687499999997 0.498359375 0.0222109375 0.0241484375
1 0.015187500000000001 0.311609375 0.0248203125 0.0256484375
1 0.361859375 0.2866171875 0.02025 0.03121875