0 0.162328125 0.1875 0.109375 0.1805546875
0 0.16015625 0.49132031249999997 0.05815625 0.09028125000000001
0 0.16275781250000002 0.7513046875 0.07378124999999999 0.150171875
0 0.1532109375 0.9934921875 0.0338515625 0.013023437500000002
0 0.45052343749999996 0.8841171875 0.0885390625 0.1553828125
0 0.7643203125 0.5151875 0.0598984375 0.0946171875
0 0.7235234375 0.2018203125 0.0494765625 0.06684375000000001
0 0.7795156249999999 0.8671875 0.060765625000000004 0.095484375
1 0.1297734375 0.0377578125 0.0234375 0.037328125000000004
1 0.1645 0.021265625 0.0321171875 0.0390625
1 0.146265625 0.078125 0.0338515625 0.03471875
1 0.2018203125 0.0416640625 0.0147578125 0.024304687499999998
1 0.40103906250000004 0.0828984375 0.01909375 0.0390625
1 0.1645 0.30555468750000003 0.0616328125 0.060765625000000004
1 0.0421015625 0.3450546875 0.0234375 0.0338515625
1 0.1401875 0.380640625 0.037328125000000004 0.05121875
1 0.17708593749999998 0.3776015625 0.015625 0.029515625
1 0.177515625 0.41015625 0.028648437500000002 0.02690625
1 0.13411718749999998 0.427953125 0.018226562499999998 0.026039062499999998
1 0.158421875 0.42447656250000004 0.01128125 0.024304687499999998
1 0.48784375 0.2838515625 0.013890625 0.0399296875
1 0.430125 0.2816875 0.021703125 0.03559375
1 0.46180468750000003 0.25086718750000003 0.029515625 0.07465625000000001
1 0.46744531250000004 0.1336796875 0.018226562499999998 0.02778125
1 0.484375 0.103296875 0.032984374999999996 0.015625
1 0.41536718749999996 0.1805546875 0.025171875 0.0416640625
1 0.4848125 0.5234375 0.030382812500000002 0.0416640625
1 0.4605 0.57465625 0.021703125 0.024304687499999998
1 0.415796875 0.6427968749999999 0.020835937500000002 0.04253125
1 0.44053906249999997 0.6380234375 0.01996875 0.029515625
1 0.47265625 0.6197890625 0.018226562499999998 0.03125
1 0.49175 0.5920156249999999 0.016492187499999998 0.026039062499999998
1 0.17447656250000002 0.5677109375 0.060765625000000004 0.05034375
1 0.1688359375 0.6245625 0.0598984375 0.056421874999999996
1 0.1827265625 0.6666640625 0.0494765625 0.015625
1 0.71440625 0.02778125 0.029515625 0.0399296875
1 0.7265625 0.122828125 0.0538203125 0.0946171875
1 0.7747421875 0.15885156250000002 0.0321171875 0.045140625000000004
1 0.77778125 0.236546875 0.029515625 0.0460078125
1 0.75434375 0.28471875 0.026039062499999998 0.0572890625
1 0.7365468749999999 0.373265625 0.0807265625 0.078125
1 0.70746875 0.447484375 0.04340625 0.0598984375
1 0.7747421875 0.44053906249999997 0.072046875 0.05121875
1 0.82378125 0.5416640625 0.04340625 0.09721874999999999
1 0.8298593750000001 0.6393203125 0.03471875 0.0460078125
1 0.7977421875 0.6584218749999999 0.024304687499999998 0.03559375
1 0.7356796875 0.6493046875 0.040796874999999996 0.02778125
1 0.7191875 0.6822890625 0.025171875 0.03471875
1 0.7239609375 0.7326406249999999 0.045140625000000004 0.048609374999999996
1 0.7361093750000001 0.8077265625000001 0.022570312500000002 0.0598984375
1 0.7235234375 0.92925 0.04253125 0.068578125
1 0.51128125 0.8650156250000001 0.022570312500000002 0.0390625
1 0.498265625 0.9796015625000001 0.03471875 0.040796874999999996
1 0.42664843750000003 0.7057265625 0.0147578125 0.026039062499999998
1 0.5030390625 0.7274296875 0.0147578125 0.0381953125
1 0.47916406250000004 0.671875 0.020835937500000002 0.022570312500000002
1 0.44096875 0.7717031249999999 0.013890625 0.045140625000000004
1 0.8068593749999999 0.7161484375 0.056421874999999996 0.05034375
1 0.7647578125 0.7703984375 0.0399296875 0.084203125
1 0.82075 0.7860234375 0.040796874999999996 0.0494765625
1 0.8285625 0.8606796875 0.02690625 0.056421874999999996
1 0.7999140625 0.96484375 0.0651015625 0.0703125
1 0.17317968749999998 0.9743906250000001 0.0755234375 0.05121875
1 0.169703125 0.88325 0.0807265625 0.0928828125