0 0.0987578125 0.2490703125 0.11079687499999999 0.1965703125
0 0.458890625 0.232875 0.0498046875 0.0821640625
0 0.79440625 0.0643671875 0.10365625 0.128734375
0 0.066140625 0.7057734375 0.1322890625 0.1920078125
0 0.4254921875 0.8326953125 0.072859375 0.141171875
0 0.77565625 0.6956171875 0.11303125 0.1717109375
0 0.7703828125000001 0.3892734375 0.082953125 0.125421875
0 0.7479218750000001 0.9533203125 0.0810078125 0.093359375
0 0.4223671875 0.510140625 0.066609375 0.1054296875
1 0.16121093749999998 0.0504140625 0.0271015625 0.028164062499999996
1 0.48569531250000003 0.4161953125 0.0295859375 0.040984375
1 0.49125781249999995 0.525828125 0.038765625 0.059078125
1 0.4282734375 0.416578125 0.0631875 0.057382812500000005
1 0.47289843749999994 0.31124999999999997 0.0176796875 0.0244453125
1 0.41831250000000003 0.3208125 0.0393671875 0.031859375
1 0.3978125 0.6946953125 0.0256953125 0.0472109375
1 0.408359375 0.6402187500000001 0.0233515625 0.043726562499999996
1 0.3676328125 0.6339765625 0.0298046875 0.039046874999999995
1 0.3930234375 0.5804765625 0.033703125 0.041421875000000004
1 0.4380390625 0.6738125 0.0124140625 0.0249609375
1 0.46938281249999997 0.4663828125 0.026273437500000003 0.035898437500000005
1 0.3921484375 0.7348046874999999 0.01828125 0.0180390625
1 0.40825781250000004 0.77121875 0.032921875 0.0186015625
1 0.4634296875 0.766140625 0.0163125 0.0318828125
1 0.8067578125000001 0.8508749999999999 0.0232890625 0.0373046875
1 0.7014921875 0.81621875 0.035414062499999996 0.04415625
1 0.1285 0.8512734375000001 0.0300390625 0.0224609375
1 0.058773437500000004 0.7935703125 0.0273203125 0.030109375
1 0.46518750000000003 0.05425 0.015921875 0.0319453125
1 0.6610703124999999 0.051125 0.02878125 0.0491328125
1 0.7260078125 0.169546875 0.0238828125 0.049648437499999996
1 0.751390625 0.221 0.0199765625 0.0295078125
1 0.46879687499999995 0.3799375 0.013382812499999999 0.0192578125
1 0.41792968750000004 0.2734296875 0.0151484375 0.02303125
1 0.1580859375 0.1492421875 0.020859375 0.0324765625
1 0.03534375 0.48990625000000004 0.0195078125 0.0341015625
1 0.0884609375 0.41824218750000003 0.0085625 0.0275078125
1 0.10330468749999999 0.9033671875 0.014812500000000001 0.027046874999999998
1 0.3671484375 0.9330468749999999 0.02296875 0.02390625
1 0.44146093750000004 0.9759062500000001 0.021203125 0.017828125
1 0.0354375 0.9816015625000001 0.01775 0.0194609375
1 0.8431796874999999 0.9903359375 0.0238671875 0.0193359375
1 0.9805624999999999 0.8863125000000001 0.0388671875 0.06325
1 0.8369375 0.431171875 0.0191796875 0.024054687499999998
1 0.7558828125 0.33334375 0.0172421875 0.0198203125
1 0.7103828125 0.21621875 0.016078125 0.021890625
1 0.42397656250000004 0.11478124999999999 0.0155390625 0.0201953125
1 0.4565 0.11126562499999999 0.016117187499999998 0.0287890625
1 0.4634296875 0.0813984375 0.024125 0.0198203125
1 0.0836796875 0.0633984375 0.0165703125 0.0209296875
1 0.15437499999999998 0.0138984375 0.017343749999999998 0.027796875
1 0.423390625 0.5845390625 0.0182734375 0.0280703125
1 0.46792187500000004 0.9680312499999999 0.013578125 0.013804687500000001
1 0.39634375 0.35931250000000003 0.013007812499999999 0.0209765625
1 0.1232265625 0.09496875 0.015585937499999999 0.0176640625
1 0.44858593750000003 0.7278359375 0.0100625 0.015828125000000002