0 0.4484296875 0.1748515625 0.10285156250000001 0.1508515625
0 0.7230859374999999 0.1266953125 0.1019765625 0.1545078125
0 0.1664765625 0.16995312499999998 0.0749375 0.1143359375
0 0.18 0.48746875 0.081890625 0.1282421875
0 0.45502343749999996 0.43029687499999997 0.12360156250000001 0.1684140625
0 0.7427890625 0.41098437499999996 0.0950234375 0.1266953125
0 0.44420312500000003 0.7246328125 0.10506249999999999 0.148328125
0 0.1877265625 0.77253125 0.0571640625 0.10815625
0 0.72540625 0.7659609374999999 0.0973359375 0.1583671875
0 0.46120312500000005 0.94884375 0.1004296875 0.1023203125
1 0.3406875 0.7706015625 0.0432578125 0.048671874999999996
1 0.1556640625 0.9135156249999999 0.0826640625 0.1722734375
1 0.2792734375 0.8242890624999999 0.034765625 0.052531249999999995
1 0.47008593750000005 0.8408984374999999 0.0409453125 0.0533046875
1 0.060257812499999994 0.8505546875000001 0.032445312500000004 0.04171875
1 0.007726562500000001 0.9223984375000001 0.015453125000000002 0.06334375
1 0.1606875 0.6469921875 0.026265624999999997 0.0393984375
1 0.186953125 0.693734375 0.0494453125 0.0463515625
1 0.1946796875 0.614546875 0.032445312500000004 0.0409453125
1 0.24605468749999998 0.5863515625 0.02240625 0.032445312500000004
1 0.2846796875 0.6431328125 0.0193125 0.017765625
1 0.3677265625 0.7115 0.0185390625 0.0463515625
1 0.01390625 0.629609375 0.015453125000000002 0.032445312500000004
1 0.45578906249999995 0.586734375 0.0865234375 0.1212890625
1 0.551203125 0.566265625 0.0270390625 0.0231796875
1 0.66553125 0.657421875 0.030125000000000002 0.0448046875
1 0.65046875 0.4905546875 0.0339921875 0.029359375
1 0.741625 0.5805546875 0.13287500000000002 0.20626562499999998
1 0.7501249999999999 0.8934296875 0.1019765625 0.0950234375
1 0.7601718749999999 0.9685390625 0.1421484375 0.062921875
1 0.7574687499999999 0.69759375 0.020859375 0.04171875
1 0.70609375 0.8293125 0.038625 0.02240625
1 0.9866953125 0.8173359375 0.026609375 0.10970312499999998
1 0.6721015625 0.4094375 0.0278125 0.0355390625
1 0.6794374999999999 0.45502343749999996 0.028585937500000002 0.02471875
1 0.6245937500000001 0.42991406249999997 0.0193125 0.017765625
1 0.5720546875 0.4712421875 0.0162265625 0.0200859375
1 0.6643749999999999 0.324078125 0.037078125 0.0424921875
1 0.5593125 0.305921875 0.04171875 0.0463515625
1 0.60759375 0.30012500000000003 0.030125000000000002 0.0393984375
1 0.686390625 0.2557109375 0.0950234375 0.09115625000000001
1 0.772140625 0.2761796875 0.048671874999999996 0.13673437500000002
1 0.45385937500000006 0.29974218750000003 0.09965625 0.0896171875
1 0.17382031250000002 0.326390625 0.0896171875 0.1892734375
1 0.1780703125 0.5759218749999999 0.05485156249999999 0.0424921875
1 0.0216328125 0.26575000000000004 0.0278125 0.0216328125
1 0.021242187500000002 0.42141406249999996 0.037851562500000005 0.0749375
1 0.18 0.0115859375 0.0494453125 0.0216328125
1 0.16571093750000002 0.0784140625 0.05485156249999999 0.07184375
1 0.1100859375 0.084203125 0.02240625 0.015453125000000002
1 0.44265625000000003 0.0502109375 0.1004296875 0.0973359375
1 0.595234375 0.037078125 0.048671874999999996 0.0432578125
1 0.6357890625 0.10390625 0.052531249999999995 0.07184375
1 0.7273359375 0.025492187500000003 0.12437499999999999 0.0494453125
1 0.5936874999999999 0.1545078125 0.057937499999999996 0.037078125
1 0.5596953124999999 0.1989296875 0.017765625 0.020859375
1 0.633859375 0.200859375 0.0424921875 0.0231796875
1 0.617640625 0.24411718750000003 0.013132812499999999 0.0278125
1 0.7949296875 0.1803828125 0.0231796875 0.028585937500000002
1 0.984765625 0.1583671875 0.0304765625 0.3012890625
1 0.82390625 0.4245078125 0.031671875 0.045578125000000004
1 0.3619296875 0.8578984374999999 0.028585937500000002 0.037851562500000005
1 0.252234375 0.7617109375 0.013132812499999999 0.0108125
1 0.2827421875 0.7787109375 0.0231796875 0.0185390625
1 0.3414609375 0.7207734375 0.032445312500000004 0.0463515625