0 0.035015625 0.06394531249999999 0.07003125 0.1096171875
0 0.295359375 0.0213125 0.09134375 0.042625
0 0.600859375 0.11864843750000001 0.1116484375 0.17071875
0 0.9129687499999999 0.128390625 0.1086015625 0.145140625
0 0.9302187500000001 0.39837500000000003 0.09439062499999999 0.143109375
0 0.6221796875 0.46130468750000003 0.0893203125 0.11469531250000001
0 0.2781015625 0.253234375 0.0568359375 0.092359375
0 0.0294375 0.33088281249999996 0.058867187499999994 0.11976562500000001
0 0.297890625 0.568890625 0.096421875 0.1329609375
0 0.01928125 0.6277578125 0.0385625 0.11469531250000001
0 0.2887578125 0.8393671875000001 0.1045390625 0.172515625
0 0.0258828125 0.8936484374999999 0.051765625 0.1065703125
0 0.6013671875 0.801796875 0.11875 0.1867578125
0 0.9226093750000001 0.7261796875 0.09134375 0.12687500000000002
1 0.1847265625 0.0856171875 0.0223671875 0.044734375
1 0.0204375 0.1372890625 0.0393359375 0.040109375
1 0.0200546875 0.21442187499999998 0.040109375 0.08946875
1 0.086 0.24372656250000002 0.026992187499999997 0.032390625
1 0.1426875 0.14654687500000002 0.0246796875 0.030851562500000002
1 0.24565625 0.11878124999999999 0.020828125 0.023140625
1 0.305046875 0.1492421875 0.0516796875 0.127265625
1 0.36019531250000003 0.292703125 0.021593750000000002 0.02390625
1 0.3324296875 0.2622421875 0.044734375 0.05090625
1 0.2934765625 0.40377343750000005 0.12571875 0.20285156249999997
1 0.42305468749999997 0.36828906250000004 0.026992187499999997 0.047046875
1 0.44349218749999997 0.27033593749999996 0.021593750000000002 0.047046875
1 0.42459375 0.5318046875 0.031625 0.0347109375
1 0.46971875 0.51715625 0.04628125 0.060929687499999996
1 0.0204375 0.45043749999999994 0.030078125 0.032390625
1 0.021984375 0.538359375 0.0347109375 0.060164062500000004
1 0.0154296875 0.7423671875 0.030851562500000002 0.05630468749999999
1 0.0212109375 0.8044609375 0.0161953125 0.029312500000000002
1 0.1129921875 0.8333828125 0.025453125 0.0285390625
1 0.10914062499999999 0.8684765625 0.020828125 0.029312500000000002
1 0.1662109375 0.859609375 0.0223671875 0.0331640625
1 0.168140625 0.658296875 0.0185078125 0.030078125
1 0.41842968750000004 0.6991796875 0.037796875 0.060929687499999996
1 0.590421875 0.018125 0.11492187499999999 0.03625
1 0.5992968750000001 0.3069765625 0.12957812500000002 0.19590625
1 0.5491640624999999 0.44040625 0.049359375 0.091015625
1 0.548390625 0.530265625 0.05553125 0.07172656250000001
1 0.6232031250000001 0.5649765625 0.1203203125 0.0856171875
1 0.6012265625000001 0.652515625 0.11183593750000001 0.10489843750000001
1 0.4762734375 0.743140625 0.037796875 0.042421875
1 0.520625 0.789421875 0.0200546875 0.025453125
1 0.4473515625 0.7921171874999999 0.0431953125 0.0802109375
1 0.4111015625 0.843796875 0.0385625 0.04628125
1 0.2876953125 0.6926249999999999 0.08638281249999999 0.12803124999999999
1 0.3517109375 0.65753125 0.023140625 0.0285390625
1 0.2560703125 0.9452187500000001 0.029312500000000002 0.037796875
1 0.307359375 0.983984375 0.03625 0.0320234375
1 0.162359375 0.7705234375 0.0161953125 0.032390625
1 0.598140625 0.9450390625 0.144234375 0.10992187499999999
1 0.6926249999999999 0.8723359374999999 0.0246796875 0.035476562499999996
1 0.46509375000000003 0.9542890625 0.0802109375 0.0914140625
1 0.7847890625 0.6675546875 0.0285390625 0.0331640625
1 0.9336718749999999 0.8443828124999999 0.12957812500000002 0.10915625
1 0.8646171875 0.8542109375000001 0.006171875 0.020828125
1 0.9346249999999999 0.95621875 0.13075 0.0875625
1 0.781703125 0.911671875 0.0285390625 0.0370234375
1 0.93 0.5657421874999999 0.13999999999999999 0.19050781249999998
1 0.9847578125 0.72 0.030484375 0.148859375
1 0.867703125 0.387578125 0.030851562500000002 0.15811718749999998
1 0.9218984375 0.2603125 0.156203125 0.1241796875
1 0.9741640625000001 0.33782812500000003 0.051671875 0.0262265625
1 0.9812890624999999 0.0998828125 0.032796874999999996 0.19205468750000002
1 0.84996875 0.1095234375 0.021593750000000002 0.08792968749999999