0 0.27842968749999997 0.2404765625 0.129515625 0.191890625
0 0.252265625 0.6792109375 0.1131171875 0.20139843750000003
0 0.7164843750000001 0.2939921875 0.06890625 0.10672656250000001
1 0.34459375 0.0911171875 0.0305859375 0.0373203125
1 0.6622421875 0.091796875 0.0701796875 0.10311718750000001
1 0.7644765625 0.1620859375 0.042234375000000005 0.09526562499999999
1 0.3472265625 0.0182890625 0.0221875 0.0283828125
1 0.2911796875 0.1135703125 0.015562500000000002 0.05487499999999999
1 0.32828124999999997 0.1810390625 0.0194609375 0.0355078125
1 0.314125 0.43568749999999995 0.02434375 0.0389453125
1 0.268328125 0.4362109375 0.028453125000000003 0.0321796875
1 0.26784375 0.48228906250000003 0.0372421875 0.05402343750000001
1 0.3200859375 0.5078671875 0.0108671875 0.02315625
1 0.333359375 0.6089765625 0.0218046875 0.074984375
1 0.2927421875 0.79421875 0.026500000000000003 0.031406250000000004
1 0.27214062499999997 0.801734375 0.014585937500000002 0.0210546875
1 0.2974296875 0.8389296875 0.028054687499999998 0.046609374999999995
1 0.28131249999999997 0.8920390625 0.0290390625 0.043453124999999995
1 0.24078906249999998 0.9475859375000001 0.0319765625 0.051039062499999996
1 0.617421875 0.9668984375 0.04109375 0.0662109375
1 0.7730703125 0.569171875 0.082859375 0.1535703125
1 0.7639843749999999 0.7139609375 0.0822734375 0.093546875
1 0.645640625 0.5888125 0.033078125 0.042460937500000004
1 0.6364609375 0.8756718749999999 0.018625 0.036117187499999995
1 0.6559921875 0.8879765624999999 0.018625 0.0255625
1 0.6501328125 0.6773828125 0.05378125 0.121953125
1 0.67415625 0.6173515625 0.0276015625 0.0233828125
1 0.691046875 0.6809062499999999 0.020374999999999997 0.0430625
1 0.64359375 0.7495390625 0.0231171875 0.04946875
1 0.6528671875 0.7927890625 0.043625000000000004 0.028546875
1 0.67415625 0.81934375 0.011984375 0.019164062500000002
1 0.6994453125 0.8206171875000001 0.009828125 0.01975
1 0.6874374999999999 0.8647421874999999 0.0229140625 0.0220625
1 0.7428984375 0.8450234375000001 0.01665625 0.017781250000000002
1 0.74925 0.8662109375 0.011773437500000001 0.0191328125
1 0.7322578125 0.8899296874999999 0.0129453125 0.013851562500000001
1 0.7629140624999999 0.9847265625 0.0156796875 0.017890625
1 0.7057890625 0.9383515625 0.0440078125 0.0325625
1 0.6795234375 0.9712500000000001 0.043421875 0.04953125
1 0.64290625 0.9379609375 0.019796875 0.0239765625
1 0.6186875 0.798453125 0.0182421875 0.03596875
1 0.679234375 0.572078125 0.022132812499999998 0.03634375
1 0.6333359375 0.4850546875 0.0201875 0.061515625
1 0.6638046875 0.513953125 0.03425 0.0568125
1 0.6398828125 0.2018046875 0.027414062500000003 0.041890625
1 0.6724921875 0.197609375 0.0184296875 0.015921875
1 0.6689765624999999 0.24153125000000003 0.034835937500000004 0.060804687499999996
1 0.6528671875 0.315921875 0.059250000000000004 0.0728671875
1 0.6333359375 0.37275 0.0201875 0.0185546875
1 0.6718124999999999 0.408765625 0.0541640625 0.0964375
1 0.75090625 0.40632812500000004 0.036578125 0.054460937499999994
1 0.753640625 0.45525000000000004 0.026421875 0.0253359375
1 0.7235625 0.38603125 0.013148437499999999 0.021671875
1 0.752859375 0.355859375 0.017046875 0.0179765625
1 0.7541249999999999 0.22855468750000002 0.0176328125 0.021171875
1 0.7440703125 0.049960937500000004 0.0268125 0.0311640625
1 0.28512499999999996 0.0086640625 0.022984375 0.0169375
1 0.3156875 0.0184296875 0.01184375 0.020835937500000002
1 0.32828124999999997 0.6875078125 0.027273437499999997 0.0777421875
1 0.2985 0.5603046875000001 0.0243515625 0.024515625
1 0.3319921875 0.5438046875 0.0151640625 0.02471875
1 0.27838281249999997 0.5744609374999999 0.0192734375 0.0430546875
1 0.24840625 0.8932499999999999 0.0198671875 0.016578125
1 0.24039843749999998 0.9110234374999999 0.015570312499999999 0.016960937500000002
1 0.3220390625 0.756375 0.0147734375 0.027984375
1 0.30396875 0.950984375 0.0118515625 0.018765625
1 0.28805468749999996 0.9853515625 0.017125 0.0249921875