0 0.1683984375 0.6073828125 0.0582265625 0.09590625
0 0.1712578125 0.344796875 0.047953125 0.06621875
0 0.43727343750000003 0.615375 0.045671875 0.086765625
0 0.43042187500000006 0.9145078124999999 0.050234375 0.079921875
0 0.424140625 0.3282421875 0.051375000000000004 0.0605078125
0 0.9658125 0.8391484374999999 0.06836718750000001 0.086765625
1 0.1723984375 0.8265234375 0.0936171875 0.3469453125
1 0.17867968750000002 0.477234375 0.0879140625 0.1735390625
1 0.415578125 0.7010078125 0.031968750000000004 0.0411015625
1 0.42185937500000004 0.756375 0.026257812499999998 0.026257812499999998
1 0.43042187500000006 0.81175 0.0685 0.054804687500000004
1 0.45953906250000004 0.848859375 0.0445234375 0.0422421875
1 0.44640625 0.9875078125 0.03653125 0.024984375
1 0.6981484375 0.962453125 0.0285390625 0.03653125
1 0.69415625 0.8414375 0.052515624999999996 0.03653125
1 0.671890625 0.69015625 0.0239765625 0.035390624999999995
1 0.6798828125 0.6325000000000001 0.026257812499999998 0.0411015625
1 0.727265625 0.639921875 0.0296875 0.07192968749999999
1 0.755234375 0.6091015625 0.0239765625 0.0468125
1 0.7289765625 0.7015781249999999 0.0239765625 0.0399609375
1 0.7158515624999999 0.765515625 0.020546875 0.026257812499999998
1 0.723265625 0.4812265625 0.0216953125 0.0582265625
1 0.6559062499999999 0.5503046875 0.01484375 0.0251171875
1 0.6821640625 0.550875 0.017125 0.035390624999999995
1 0.72384375 0.5388828125 0.020546875 0.020546875
1 0.6753203125 0.3516484375 0.026257812499999998 0.052515624999999996
1 0.6998671875 0.303125 0.0273984375 0.0468125
1 0.6176640625 0.24546874999999999 0.013703125 0.0273984375
1 0.7067109375 0.1906640625 0.031968750000000004 0.0730703125
1 0.67475 0.0816328125 0.0296875 0.0879140625
1 0.6975781249999999 0.03825 0.0273984375 0.0764921875
1 0.726125 0.0953359375 0.0296875 0.05365625
1 0.4955 0.16040625 0.045671875 0.09475781250000001
1 0.3990234375 0.0998984375 0.0422421875 0.067359375
1 0.4361328125 0.1153125 0.020546875 0.031968750000000004
1 0.46810156249999996 0.3145390625 0.03653125 0.037679687499999996
1 0.44126562500000005 0.2214921875 0.035390624999999995 0.047953125
1 0.40131249999999996 0.27115625 0.0239765625 0.0445234375
1 0.4235703125 0.3265234375 0.031968750000000004 0.03653125
1 0.40872656249999995 0.38589843749999997 0.0273984375 0.0296875
1 0.442984375 0.4469765625 0.045671875 0.0559453125
1 0.39959375 0.48236718749999996 0.0273984375 0.033109375
1 0.42642968750000004 0.516046875 0.0285390625 0.03653125
1 0.9082265625 0.9230703124999999 0.0285390625 0.0468125
1 0.9606796875000001 0.9418359374999999 0.0786484375 0.1163203125
1 0.9641718750000001 0.772359375 0.05365625 0.051375000000000004
1 0.9663828125 0.714703125 0.0672265625 0.0616484375
1 0.9664531249999999 0.64734375 0.0445234375 0.0685
1 0.96125 0.5645703125 0.0775 0.07421093749999999
1 0.9498984374999999 0.5097734375 0.03425 0.017125
1 0.9606796875000001 0.428140625 0.0786484375 0.11417187499999999
1 0.9618828125000001 0.323671875 0.0445234375 0.0901953125
1 0.9556093750000001 0.22948437500000002 0.0685 0.1073203125
1 0.9401953125 0.086765625 0.097046875 0.1735390625
1 0.9105078125 0.8482890624999999 0.0216953125 0.0433828125
1 0.12786718749999998 0.0228359375 0.03425 0.03653125
1 0.1609765625 0.011414062499999999 0.052515624999999996 0.0228359375
0 0.1712578125 0.0964765625 0.059367187499999995 0.0879140625
1 0.12159374999999999 0.1769609375 0.012562499999999999 0.047953125
1 0.1364296875 0.2734375 0.0285390625 0.035390624999999995
1 0.16896875 0.19466406249999998 0.057085937499999996 0.09475781250000001
1 0.17925 0.2740078125 0.03425 0.059367187499999995