0 0.176984375 0.20034375 0.094328125 0.1827109375
0 0.1322734375 0.5449531249999999 0.089984375 0.14450000000000002
0 0.59303125 0.114625 0.1139375 0.1692578125
0 0.5808828125 0.504375 0.10699218749999999 0.1918125
0 0.9711562499999999 0.5273749999999999 0.0576875 0.21351562500000001
1 0.175671875 0.0870625 0.029218749999999998 0.0290703125
1 0.2544609375 0.0258671875 0.051375000000000004 0.0473046875
1 0.13465625 0.6528125 0.0721875 0.0616015625
1 0.0682421875 0.5115390625 0.033109375 0.0915546875
1 0.21864843750000001 0.46596093749999995 0.052671875 0.088953125
1 0.2520703125 0.3672265625 0.074375 0.0807109375
1 0.27659375 0.2869296875 0.0487734375 0.053804687500000004
1 0.44479687500000004 0.2930078125 0.0483671875 0.05207031250000001
1 0.30285937500000004 0.5117499999999999 0.113453125 0.19789062500000001
1 0.2064921875 0.59746875 0.0509296875 0.13321875
1 0.3697109375 0.6758124999999999 0.1672890625 0.114546875
1 0.41789062499999996 0.533015625 0.1126015625 0.1605625
1 0.44545312499999995 0.40932812500000004 0.07571093749999999 0.085046875
1 0.51034375 0.5811953125 0.047515625 0.2464921875
1 0.4751796875 0.6666953125 0.0396953125 0.059867187499999995
1 0.6067109375 0.31296875 0.136078125 0.19442187500000002
1 0.6772421875 0.5319296875 0.0757578125 0.23825
1 0.7759921875 0.5657890625 0.1152734375 0.18356250000000002
1 0.7540703125 0.42300000000000004 0.067953125 0.1019765625
1 0.851734375 0.42516406250000005 0.0497421875 0.0820078125
1 0.9459296875 0.3181796875 0.043679687499999995 0.07984375
1 0.8881953125000001 0.24200781249999997 0.04975 0.078546875
1 0.709796875 0.17777343750000002 0.04190625 0.07160156250000001
1 0.6965546875 0.3685234375 0.039734375 0.0624765625
1 0.5233671875 0.7758515625 0.05792968750000001 0.1410234375
1 0.58521875 0.64890625 0.1035234375 0.0902421875
1 0.6401328125 0.8034140624999999 0.16299999999999998 0.18225
1 0.7755546875 0.9047578125 0.069265625 0.086328125
1 0.843921875 0.853328125 0.039320312499999996 0.0355546875
1 0.820921875 0.7602265625 0.0905390625 0.068109375
1 0.75146875 0.7856171875 0.0575390625 0.1449296875
1 0.6368750000000001 0.9451171875 0.0939765625 0.10455468750000001
1 0.7195625 0.9496796875 0.035398437500000005 0.056382812500000004
1 0.9746328125 0.6725546875 0.050734375 0.055960937499999995
1 0.31067187500000004 0.1530390625 0.1395 0.1315
1 0.20324218749999998 0.0401875 0.0235859375 0.060320312499999994
1 0.5945546875 0.013695312500000001 0.097875 0.0273828125
1 0.8660546874999999 0.6068046875 0.0263046875 0.13278125000000002
1 0.34778125000000004 0.2986484375 0.04184375 0.0980703125
1 0.3111015625 0.381546875 0.0292421875 0.0937265625