0 0.024015625 0.076046875 0.04803125 0.07890625
0 0.015437500000000002 0.28874218749999997 0.030875000000000003 0.07661718749999999
0 0.0177265625 0.43625781249999995 0.035453125 0.10406249999999999
0 0.0177265625 0.6523828125 0.035453125 0.1269296875
0 0.013148437499999999 0.845640625 0.0263046875 0.0697578125
0 0.2384296875 0.7032734375 0.0651796875 0.1120625
0 0.2309921875 0.45684375 0.0526015625 0.08805468749999999
0 0.2212734375 0.18525 0.058320312500000006 0.1006328125
0 0.224703125 0.013718749999999998 0.051460937500000005 0.027445312500000003
0 0.47056250000000005 0.28988281250000003 0.051460937500000005 0.0811875
0 0.7101328125 0.7844609375 0.0754765625 0.1349375
0 0.72328125 0.979140625 0.049171875 0.04171875
0 0.7227109375 0.5288828125 0.08004687499999999 0.136078125
0 0.9508515624999999 0.23900000000000002 0.046882812499999996 0.10292187500000001
0 0.9485625000000001 0.7953281249999999 0.044601562500000004 0.0697578125
1 0.93540625 0.092625 0.0640390625 0.18525
1 0.9411250000000001 0.327625 0.0594609375 0.042312499999999996
1 0.9462734375 0.39680468750000003 0.040023437499999995 0.0823359375
1 0.9445546874999999 0.5151640625 0.068609375 0.1269296875
1 0.9519921874999999 0.6129374999999999 0.049171875 0.0594609375
1 0.9348359374999999 0.66725 0.0651796875 0.044601562500000004
1 0.9434140624999999 0.7267187500000001 0.045742187499999996 0.060609375
1 0.9417031250000001 0.9153984375 0.0720390625 0.08347656249999999
1 0.9519921874999999 0.9814296875 0.060609375 0.0371484375
1 0.9445546874999999 0.85421875 0.029734375 0.029734375
1 0.6906953125 0.0245859375 0.0343046875 0.049171875
1 0.727859375 0.0731875 0.0194375 0.027445312500000003
1 0.6975546875 0.10177343750000001 0.032015625 0.0388828125
1 0.7330078125 0.12464843750000001 0.0343046875 0.0343046875
1 0.6838359374999999 0.178390625 0.0503125 0.066328125
1 0.729 0.16409374999999998 0.028585937500000002 0.0720390625
1 0.7227109375 0.2544375 0.032015625 0.049171875
1 0.67696875 0.2521484375 0.03659375 0.040023437499999995
1 0.7032734375 0.311609375 0.027445312500000003 0.035453125
1 0.7495859375 0.3665 0.0263046875 0.0720390625
1 0.6889765625 0.3785078125 0.0697578125 0.032015625
1 0.7404375 0.43911718750000006 0.0263046875 0.03659375
1 0.66896875 0.5317421875 0.029734375 0.08690624999999999
1 0.6723984375 0.6106484375 0.054890625000000005 0.027445312500000003
1 0.7467265624999999 0.5974921875 0.032015625 0.037734375
1 0.70384375 0.69240625 0.0651796875 0.044601562500000004
1 0.8090468749999999 0.722140625 0.028585937500000002 0.051460937500000005
1 0.480859375 0.7764609375 0.0949140625 0.0823359375
1 0.45684375 0.664390625 0.042312499999999996 0.04803125
1 0.4728515625 0.51115625 0.0331640625 0.068609375
1 0.5008671875 0.608359375 0.0343046875 0.03659375
1 0.45169531249999995 0.588921875 0.029734375 0.0526015625
1 0.49343750000000003 0.9434140624999999 0.040023437499999995 0.032015625
1 0.2675859375 0.032015625 0.0343046875 0.027445312500000003
1 0.26644531250000003 0.0731875 0.04803125 0.02515625
1 0.26644531250000003 0.122359375 0.032015625 0.04803125
1 0.24871875000000002 0.3390546875 0.08347656249999999 0.172671875
1 0.22184374999999998 0.5288828125 0.029734375 0.037734375
1 0.27559374999999997 0.498578125 0.0411640625 0.0640390625
1 0.24528906250000002 0.59178125 0.024015625 0.10863281250000001
1 0.2115546875 0.6272265625 0.04803125 0.042312499999999996
1 0.18525 0.7638828125 0.03659375 0.0411640625
1 0.2126953125 0.806765625 0.045742187499999996 0.0697578125
1 0.197828125 0.876515625 0.0411640625 0.0331640625
1 0.2355703125 0.8439296875 0.0388828125 0.061750000000000006
1 0.2018359375 0.9376953125 0.0263046875 0.0960546875
1 0.2521484375 0.9402578125 0.051460937500000005 0.11947656250000001
1 0.013718749999999998 0.9868828125 0.027445312500000003 0.02515625
1 0.021726562499999998 0.17382031250000002 0.043453124999999995 0.0388828125
1 0.022296875 0.014296875 0.040023437499999995 0.028585937500000002