0 0.20578124999999997 0.11004687500000002 0.10609375000000001 0.19978125
0 0.20265624999999998 0.4234375 0.09984375 0.15078125
0 0.571375 0.3353828125 0.0716640625 0.11139062500000001
0 0.5456015625 0.037820312499999995 0.0669765625 0.07564062499999999
0 0.944 0.1780078125 0.08253906250000001 0.11695312499999999
0 0.930328125 0.5075937500000001 0.07863281250000001 0.11988281249999999
0 0.9147109375 0.8701874999999999 0.09425781250000001 0.13802343749999998
0 0.52040625 0.9014296875 0.06737499999999999 0.106765625
0 0.177265625 0.6930859375 0.0881328125 0.13929687500000001
0 0.1428984375 0.958203125 0.081890625 0.08359375
1 0.3267421875 0.0556875 0.06375 0.07521875
1 0.2912578125 0.159671875 0.0418828125 0.104609375
1 0.1548828125 0.2712421875 0.0414609375 0.104546875
1 0.23021093750000002 0.28531249999999997 0.0336328125 0.030007812499999998
1 0.147296875 0.0757734375 0.02628125 0.052890625000000004
1 0.174296875 0.007828125 0.0311875 0.0156640625
1 0.24058593749999999 0.01496875 0.025374999999999998 0.0299375
1 0.14360937499999998 0.4478046875 0.0211484375 0.0625703125
1 0.20677343750000002 0.506046875 0.026945312500000002 0.04959375
1 0.128765625 0.569234375 0.065125 0.10230468749999999
1 0.2122421875 0.5573046875000001 0.0177890625 0.0226484375
1 0.2148125 0.5945703124999999 0.0162265625 0.021281249999999998
1 0.1652578125 0.8192812500000001 0.059984375 0.0823203125
1 0.0623671875 0.7487734374999999 0.046164062500000005 0.039515625
1 0.14975 0.8841171875 0.026726562500000002 0.04903125
1 0.22296093749999998 0.761828125 0.021359375 0.036609375
1 0.19427343749999998 0.7713125 0.028734375 0.035484375
1 0.1910390625 0.9323124999999999 0.033421875000000004 0.0650703125
1 0.2480625 0.9518359375 0.042562499999999996 0.070640625
1 0.2827734375 0.9019609375 0.051703125 0.0936484375
1 0.41791406249999996 0.8893437499999999 0.13671875 0.1242265625
1 0.459765625 0.7846953125 0.09765625 0.08010937500000001
1 0.6331875 0.8169453125 0.029328125 0.044164062500000004
1 0.606515625 0.8641406249999999 0.03625 0.051500000000000004
1 0.59078125 0.812484375 0.042726562499999995 0.044164062500000004
1 0.5604296875 0.872734375 0.026664062500000002 0.06644531249999999
1 0.516796875 0.7452109375 0.017515625 0.023453125
1 0.5585312499999999 0.700578125 0.016171875 0.0234765625
0 0.543578125 0.6222421875 0.0532265625 0.094484375
1 0.47159375 0.621984375 0.0275703125 0.024781249999999998
1 0.48521093750000005 0.645640625 0.0324765625 0.027445312500000003
1 0.46903125 0.6778828125 0.0291328125 0.036125000000000004
1 0.5096484375 0.68625 0.030015625 0.0372421875
1 0.5298515625 0.45540624999999996 0.0146171875 0.024210937499999998
1 0.559421875 0.4746015625 0.0179609375 0.026875
1 0.8871874999999999 0.37775 0.028390625000000003 0.0474609375
1 0.32239062500000004 0.312140625 0.02603125 0.0591015625
1 0.9117421875 0.6997890625000001 0.04178125 0.055390625000000006
1 0.9359531249999999 0.754578125 0.0165546875 0.0421875
1 0.855046875 0.735609375 0.026609375 0.053359375
1 0.881828125 0.6004921875 0.0176796875 0.030898437499999997
1 0.9350625000000001 0.97890625 0.0236953125 0.0421875
1 0.752375 0.9277734375 0.0355546875 0.069390625
1 0.7995859375000001 0.3398828125 0.025062499999999998 0.0654765625
1 0.8369687499999999 0.3334140625 0.01278125 0.0391484375
1 0.9393046875 0.28665625 0.0455703125 0.0773359375
1 0.3838828125 0.24337499999999998 0.044101562500000004 0.0443359375
1 0.33366406249999997 0.200859375 0.0374140625 0.08653125
1 0.6113203125 0.9737109374999999 0.0123671875 0.0251015625
1 0.5229296875 0.8096953125 0.014171875 0.02296875
1 0.5189140625 0.8393750000000001 0.032921875 0.015359375
1 0.6001562500000001 0.7204375 0.016835937500000002 0.023015625
1 0.605515625 0.7532421874999999 0.0186171875 0.012734375000000001
1 0.8206796875 0.7309296875 0.0114375 0.021671875
1 0.6587500000000001 0.485828125 0.0157109375 0.0180859375
1 0.6208046875 0.477234375 0.01125 0.029914062499999998
1 0.323953125 0.3939921875 0.0246953125 0.064328125
1 0.208671875 0.843796875 0.0285078125 0.04875
1 0.45150781249999994 0.7268671875 0.023109374999999998 0.038109375
1 0.3048671875 0.27621093750000003 0.028937499999999998 0.027414062500000003
1 0.6365390625 0.11761718750000001 0.0226328125 0.0316640625
1 0.5602031249999999 0.236 0.0128203125 0.025124999999999998
1 0.5926796875 0.2315390625 0.0175078125 0.025124999999999998
1 0.7988046875 0.029476562499999998 0.030195312499999998 0.0384140625
1 0.9008046875 0.1033359375 0.015445312499999999 0.0566640625
1 0.9023671875 0.0216640625 0.031960937499999995 0.0272578125
1 0.6235937500000001 0.3083828125 0.014601562500000002 0.031492187500000005
1 0.8279296875 0.2752421875 0.0415703125 0.038875
1 0.4019609375 0.2998984375 0.022226562499999998 0.032390625