0 0.0388828125 0.149234375 0.0777578125 0.12464843750000001
0 0.0194375 0.45569531249999995 0.03659375 0.1498046875
0 0.37221875 0.17153125 0.06746875 0.128078125
0 0.34534375 0.41853125 0.043453124999999995 0.08690624999999999
0 0.3167578125 0.62265625 0.0640390625 0.0949140625
0 0.28131249999999997 0.86965625 0.0754765625 0.11092187499999999
0 0.5814843749999999 0.7970390625 0.10863281250000001 0.1921171875
0 0.8913828125000001 0.7370078125 0.10406249999999999 0.1703828125
0 0.6094999999999999 0.484859375 0.10292187500000001 0.1257890625
0 0.6529609375 0.18696875 0.10292187500000001 0.1498046875
0 0.9462734375 0.40881249999999997 0.053742187500000003 0.11092187499999999
0 0.9474140625 0.1103515625 0.06746875 0.11778124999999999
0 0.6906953125 0.012578125 0.0503125 0.02515625
1 0.241859375 0.9577109374999999 0.037734375 0.060609375
1 0.25672656250000003 0.6861171875000001 0.037734375 0.0754765625
1 0.309328125 0.7501562500000001 0.046882812499999996 0.1509453125
1 0.27044531250000003 0.785609375 0.037734375 0.068609375
1 0.301890625 0.4991484375 0.0777578125 0.074328125
1 0.2578671875 0.5906328125 0.0331640625 0.051460937500000005
1 0.2956015625 0.42424999999999996 0.049171875 0.0526015625
1 0.2927421875 0.29617187500000003 0.0228671875 0.0503125
1 0.3367734375 0.2675859375 0.035453125 0.0343046875
1 0.3516328125 0.3361953125 0.06746875 0.0731875
1 0.335625 0.05775 0.049171875 0.0331640625
1 0.3882265625 0.066328125 0.037734375 0.08690624999999999
1 0.32990624999999996 0.0909140625 0.028585937500000002 0.0263046875
1 0.440828125 0.3659296875 0.042312499999999996 0.043453124999999995
1 0.3819375 0.46656250000000005 0.027445312500000003 0.04803125
1 0.39909374999999997 0.814765625 0.04803125 0.0697578125
1 0.6369453125 0.6472421875000001 0.0503125 0.0411640625
1 0.6232265625 0.587203125 0.066328125 0.0720390625
1 0.5746249999999999 0.6501015625 0.035453125 0.08805468749999999
1 0.6163671875000001 0.7004140624999999 0.0411640625 0.060609375
1 0.6094999999999999 0.3910859375 0.054890625000000005 0.045742187499999996
1 0.6649609375 0.3699296875 0.0331640625 0.05603125
1 0.9091093750000001 0.9145312499999999 0.0526015625 0.17093750000000002
1 0.843359375 0.9342656249999999 0.07890625 0.130359375
1 0.8342109375 0.8467890625000001 0.024015625 0.051460937500000005
1 0.8496484375 0.65925 0.045742187499999996 0.07661718749999999
1 0.891953125 0.6272265625 0.0343046875 0.07661718749999999
1 0.9525625 0.5626171875 0.066328125 0.189828125
1 0.9525625 0.7135625 0.029734375 0.061750000000000006
1 0.89253125 0.5254531250000001 0.053742187500000003 0.07661718749999999
1 0.8959609374999999 0.45912499999999995 0.042312499999999996 0.058320312500000006
1 0.9033906249999999 0.40538281249999997 0.02515625 0.0331640625
1 0.968 0.327046875 0.062890625 0.054890625000000005
1 0.9897265624999999 0.3928046875 0.0194375 0.0720390625
1 0.9165390625000001 0.307609375 0.046882812499999996 0.04803125
1 0.97371875 0.27559374999999997 0.044601562500000004 0.045742187499999996
1 0.943984375 0.205265625 0.051460937500000005 0.07661718749999999
1 0.91196875 0.23156249999999998 0.0263046875 0.062890625
1 0.9125390624999999 0.021726562499999998 0.03659375 0.03659375
1 0.9685703125 0.0263046875 0.054890625000000005 0.0526015625
1 0.689546875 0.0708984375 0.0411640625 0.0503125
1 0.3001796875 0.9825703125 0.024015625 0.034859375
1 0.27616406250000003 0.9842890625 0.024015625 0.0314296875
1 0.32990624999999996 0.9319765625 0.021726562499999998 0.029734375
1 0.6426640625 0.3121875 0.0411640625 0.02515625