0 0.4819140625 0.1339375 0.0548828125 0.086359375
0 0.4780078125 0.3242578125 0.0574921875 0.0833125
0 0.47648437499999996 0.9101796875 0.073546875 0.11453906250000001
0 0.0085390625 0.662578125 0.017078125 0.0655078125
0 0.013750000000000002 0.8672109375 0.027500000000000004 0.0885
0 0.950046875 0.0551640625 0.0380390625 0.0642265625
0 0.9602499999999999 0.895859375 0.0462890625 0.0963125
0 0.72325 0.8808828125 0.061875 0.0871953125
0 0.7084921875 0.631328125 0.0445078125 0.05509375
0 0.7043671875 0.1684453125 0.0501484375 0.082453125
0 0.7130468750000001 0.3913125 0.043210937500000005 0.0924296875
1 0.0150546875 0.3177421875 0.0301015625 0.6327812500000001
1 0.0128203125 0.95640625 0.0256484375 0.0871953125
1 0.23123437500000002 0.8457265625 0.0379140625 0.261671875
1 0.2676953125 0.38784375 0.027500000000000004 0.042078125
1 0.2570625 0.1892734375 0.03575 0.082453125
1 0.44935156249999997 0.6456484375 0.0626953125 0.253
1 0.46823437500000004 0.806453125 0.037953125 0.0511796875
1 0.4354609375 0.8839218750000001 0.0227578125 0.03425
1 0.43567968749999997 0.9616093749999999 0.0301328125 0.0767734375
1 0.49037499999999995 0.9731171875 0.0197265625 0.051171875
1 0.45499999999999996 0.412578125 0.0566171875 0.08634375
1 0.46411718750000003 0.2278984375 0.054015625 0.0728984375
1 0.44284375000000004 0.0642734375 0.03925 0.0720390625
1 0.7065390625 0.065140625 0.0562265625 0.1275859375
1 0.6998125 0.2771640625 0.0462421875 0.11239062500000001
1 0.7189140625 0.747203125 0.0705546875 0.16705468750000002
1 0.7089296875 0.9637968750000001 0.074890625 0.0723984375
1 0.6772421875 0.8939453125 0.028875 0.0733125
1 0.9348593749999999 0.9681640625 0.037171875 0.03425
1 0.9526562500000001 0.7275 0.0484609375 0.052054687499999995
1 0.9244375 0.6641328125 0.0371640625 0.045984375
1 0.952 0.615953125 0.0367421875 0.048585937499999995
1 0.9276953125 0.3952578125 0.048890625 0.055109375
1 0.9611171875 0.5315390625 0.028929687500000002 0.0585703125
1 0.9643750000000001 0.2741640625 0.0510625 0.04209375
1 0.9272656250000001 0.222953125 0.044546875 0.10806249999999999
1 0.9552578125 0.156984375 0.0328359375 0.083765625
1 0.9823906250000001 0.2220859375 0.0280625 0.0316796875
1 0.9309531249999999 0.0098125 0.029359375 0.01865625
1 0.9843437500000001 0.6015937499999999 0.0215546875 0.035562500000000004
1 0.9296484375 0.7715156249999999 0.042375 0.0785234375
1 0.7071875000000001 0.5204296875 0.0523203125 0.1614296875