0 0.041671875000000004 0.0753515625 0.08334375000000001 0.150703125
0 0.37048437500000003 0.10046875 0.0924765625 0.178109375
0 0.0199765625 0.3847578125 0.035390624999999995 0.059367187499999995
0 0.3733359375 0.440125 0.0890546875 0.1586953125
0 0.0165546875 0.6850234375 0.030828125 0.079921875
0 0.36078125 0.80546875 0.086765625 0.1541328125
0 0.038820312499999995 0.9663828125 0.0753515625 0.0672265625
1 0.46010937500000004 0.0890546875 0.050234375 0.06393750000000001
1 0.3185390625 0.0468125 0.0296875 0.054804687500000004
1 0.3156796875 0.2277734375 0.0582265625 0.131296875
1 0.4321328125 0.282 0.0879140625 0.14157031250000002
1 0.438984375 0.38589843749999997 0.030828125 0.082203125
1 0.340796875 0.3550703125 0.0399609375 0.0411015625
1 0.42014843749999997 0.5697109375 0.06621875 0.12330468750000001
1 0.3208203125 0.5303203125 0.0251171875 0.05365625
1 0.31396875 0.637640625 0.018265625 0.069640625
1 0.3248125 0.7095703125 0.0216953125 0.0559453125
1 0.3590625 0.7226953125 0.01484375 0.047953125
1 0.33109375 0.9629609374999999 0.03425 0.074078125
1 0.3573515625 0.9222187500000001 0.0273984375 0.0411015625
1 0.310546875 0.8377343749999999 0.0273984375 0.0753515625
1 0.026257812499999998 0.8588515624999999 0.0251171875 0.0422421875
1 0.065078125 0.8560000000000001 0.020546875 0.0273984375
1 0.0616484375 0.8993828125000001 0.0228359375 0.0273984375
1 0.0348203125 0.9233593750000001 0.030828125 0.03653125
1 0.026828125 0.7852109375 0.01940625 0.06621875
1 0.061078125000000004 0.7606640625 0.0468125 0.14728125
1 0.029117187500000002 0.577421875 0.026257812499999998 0.050234375
1 0.05365625 0.52946875 0.03653125 0.0433828125
1 0.0793515625 0.479234375 0.033109375 0.0433828125
1 0.09418750000000001 0.587125 0.0239765625 0.030828125
1 0.056515625 0.6002578125 0.0285390625 0.047953125
1 0.0348203125 0.440421875 0.0399609375 0.0251171875
1 0.0707890625 0.40959375 0.031968750000000004 0.0251171875
1 0.0645078125 0.305125 0.049093750000000005 0.10846093750000001
1 0.0199765625 0.258890625 0.0285390625 0.03425
1 0.0165546875 0.3279609375 0.017125 0.033109375
1 0.186671875 0.9770234375 0.035390624999999995 0.0273984375
1 0.011414062499999999 0.2100703125 0.0228359375 0.054804687500000004
1 0.0816328125 0.017695312499999998 0.0239765625 0.035390624999999995
1 0.3419375 0.0239765625 0.037679687499999996 0.0433828125