0 0.0422421875 0.042812499999999996 0.0730703125 0.08562499999999999
0 0.0239765625 0.27628906249999996 0.045671875 0.09818750000000001
0 0.2774375 0.2939921875 0.11417187499999999 0.167828125
0 0.2220625 0.5816953125000001 0.051375000000000004 0.09475781250000001
0 0.1906640625 0.8893906250000001 0.0936171875 0.1392890625
0 0.5474453125000001 0.585125 0.10389843750000001 0.1609765625
0 0.5708515625 0.272296875 0.10275000000000001 0.163265625
0 0.893953125 0.40245312499999997 0.0707890625 0.10389843750000001
0 0.93334375 0.0690703125 0.07421093749999999 0.0879140625
0 0.8437187500000001 0.733546875 0.10275000000000001 0.1564140625
0 0.8260234375 0.9578203125 0.08562499999999999 0.0843515625
0 0.5268984375 0.9019453125 0.07421093749999999 0.06621875
0 0.321390625 0.047382812499999996 0.09475781250000001 0.09475781250000001
1 0.2563125 0.44925781249999996 0.026257812499999998 0.0582265625
1 0.276859375 0.43499218749999996 0.0285390625 0.03653125
1 0.2740078125 0.51034375 0.0273984375 0.0433828125
1 0.2631640625 0.5463046874999999 0.0422421875 0.0445234375
1 0.035390624999999995 0.48693749999999997 0.0273984375 0.0285390625
1 0.1061796875 0.41215624999999995 0.0228359375 0.031968750000000004
1 0.0462421875 0.1124609375 0.037679687499999996 0.062796875
1 0.015984375000000002 0.152984375 0.031968750000000004 0.045671875
1 0.026257812499999998 0.21349999999999997 0.031968750000000004 0.0273984375
1 0.1769609375 0.6553359375000001 0.047953125 0.059367187499999995
1 0.21121875 0.6975781249999999 0.038820312499999995 0.06393750000000001
1 0.2717265625 0.605671875 0.0296875 0.0399609375
1 0.29855468749999997 0.657046875 0.026257812499999998 0.026257812499999998
1 0.2214921875 0.7814921874999999 0.084484375 0.07421093749999999
1 0.34365625 0.7478125 0.0273984375 0.03653125
1 0.22491406249999998 0.8442890625 0.03425 0.069640625
1 0.19237500000000002 0.9658125 0.0399609375 0.06836718750000001
1 0.321390625 0.9105078125 0.0239765625 0.0468125
1 0.25403125000000004 0.9276328125 0.026257812499999998 0.035390624999999995
1 0.440125 0.960171875 0.062796875 0.0753515625
1 0.5451640624999999 0.9663828125 0.0445234375 0.0672265625
1 0.4800859375 0.8442890625 0.0399609375 0.07878125
1 0.49664062500000006 0.6981484375 0.03653125 0.0582265625
1 0.54915625 0.8391484374999999 0.038820312499999995 0.054804687500000004
1 0.5537265625 0.7700781250000001 0.0411015625 0.07878125
1 0.5474453125000001 0.705 0.067359375 0.0559453125
1 0.49321875000000004 0.7620859375 0.0251171875 0.062796875
1 0.5211875 0.750671875 0.0239765625 0.026257812499999998
1 0.5012109375 0.534890625 0.031968750000000004 0.049093750000000005
1 0.6005390625 0.4395546875 0.031968750000000004 0.1392890625
1 0.5548671875 0.43442187499999996 0.0273984375 0.0605078125
1 0.5451640624999999 0.389890625 0.0399609375 0.026257812499999998
1 0.5234687499999999 0.44469531250000005 0.0285390625 0.037679687499999996
1 0.4955 0.9733046875 0.057085937499999996 0.0422421875
1 0.6347890625 0.2837109375 0.031968750000000004 0.08562499999999999
1 0.5794140624999999 0.1364296875 0.0239765625 0.097046875
1 0.648484375 0.16440625 0.0273984375 0.03653125
1 0.6370703125 0.0411015625 0.031968750000000004 0.0433828125
1 0.5931171875000001 0.029117187500000002 0.0399609375 0.0468125
1 0.658765625 0.0239765625 0.0296875 0.047953125
1 0.6450625 0.099328125 0.0433828125 0.052515624999999996
1 0.77121875 0.9704453125000001 0.026257812499999998 0.052515624999999996
1 0.8813984375 0.8859609374999999 0.0685 0.15755468749999998
1 0.8071875000000001 0.8665546875000001 0.0730703125 0.13471875
1 0.789484375 0.772359375 0.0605078125 0.065078125
1 0.8985234375 0.727265625 0.057085937499999996 0.16212500000000002
1 0.9202109374999999 0.614234375 0.038820312499999995 0.038820312499999995
1 0.915078125 0.56171875 0.0399609375 0.047953125
1 0.8220234375000001 0.6079609375 0.03653125 0.101609375
1 0.86484375 0.59825 0.0239765625 0.09818750000000001
1 0.8231718750000001 0.440125 0.047953125 0.07192968749999999
1 0.8796796875 0.5040625000000001 0.11759375000000001 0.099328125
1 0.9390546875 0.368203125 0.033109375 0.065078125
1 0.8602734375000001 0.35564062500000004 0.035390624999999995 0.067359375
1 0.9059453124999999 0.2471796875 0.145 0.1541328125
1 0.9704453125000001 0.1352890625 0.057085937499999996 0.069640625
1 0.925921875 0.0142734375 0.10503906249999999 0.0285390625
1 0.8808203125 0.110171875 0.0285390625 0.1153125
1 0.3082578125 0.152984375 0.079921875 0.1096015625
1 0.4275703125 0.0764921875 0.0239765625 0.031968750000000004
1 0.29284374999999996 0.075921875 0.065078125 0.0422421875
1 0.917359375 0.1438515625 0.0468125 0.059367187499999995