0 0.122 0.051875000000000004 0.0830625 0.10375000000000001
0 0.47040625 0.1879609375 0.0923828125 0.1251484375
0 0.4674765625 0.5478203125000001 0.0826171875 0.114390625
0 0.1253203125 0.3787265625 0.085796875 0.127765625
0 0.118875 0.6700468749999999 0.09243749999999999 0.13228125
0 0.4549765625 0.8285937499999999 0.1044921875 0.1681171875
0 0.7096484375000001 0.9037656249999999 0.09819531249999999 0.1426875
0 0.7307421875 0.6200546874999999 0.0935078125 0.1698046875
0 0.7186328125 0.32111718749999996 0.0771015625 0.1180625
0 0.725078125 0.0481640625 0.0704609375 0.095546875
0 0.9748046875 0.6294296875 0.050390625 0.160421875
0 0.9826171875 0.3424140625 0.034765625 0.1254453125
0 0.9796875 0.92109375 0.040625 0.1578125
1 0.07903125 0.2584453125 0.0908828125 0.152828125
1 0.1659453125 0.2215390625 0.0732890625 0.16105468750000002
1 0.10793749999999999 0.13915625 0.1018125 0.08221875
1 0.1784453125 0.027671875000000002 0.026703125 0.0553359375
1 0.422953125 0.0573359375 0.0873125 0.11467968749999999
1 0.415140625 0.3611328125 0.0560625 0.287890625
1 0.472953125 0.30648437500000003 0.0466796875 0.1004765625
1 0.471390625 0.447265625 0.0279296875 0.1281171875
1 0.45615625 0.7022734374999999 0.0521484375 0.09907031250000001
1 0.445609375 0.94809375 0.1013671875 0.0946328125
1 0.1194609375 0.868359375 0.1600078125 0.26328125
1 0.2034375 0.691921875 0.0545390625 0.09790625
1 0.085484375 0.5001796875 0.0686171875 0.11285937500000001
1 0.2044140625 0.5247890625 0.0525859375 0.060515624999999997
1 0.1897734375 0.605234375 0.0506328125 0.033914062499999995
1 0.077671875 0.6112890625 0.052992187499999996 0.034296875
1 0.069859375 0.674359375 0.037375000000000005 0.02371875
1 0.1425078125 0.4886640625 0.042046875 0.08201562500000001
1 0.19796875 0.43672656249999997 0.0592265625 0.0953203125
1 0.0624375 0.3849765625 0.04596875 0.12073437499999999
1 0.7410859375000001 0.183859375 0.1103046875 0.1638046875
1 0.7696015625 0.0551953125 0.0345234375 0.1056953125
1 0.9865234375 0.053828125000000004 0.026953125 0.0990625
1 0.993359375 0.1707890625 0.01328125 0.08688281249999999
1 0.7299609375 0.7698203125 0.0763203125 0.1287109375
1 0.7225390625 0.4919765625 0.1005390625 0.1003671875
1 0.7287890625 0.399234375 0.050546875000000005 0.09846875000000001
1 0.9787109375 0.78446875 0.042578125 0.13065625
1 0.9875 0.434578125 0.025 0.055882812500000004
1 0.400296875 0.138765625 0.042007812500000005 0.06971875