0 0.1746796875 0.301984375 0.079921875 0.135859375
0 0.21121875 0.031968750000000004 0.045671875 0.06393750000000001
0 0.139859375 0.550875 0.0422421875 0.0764921875
0 0.11303125 0.7637968749999999 0.06621875 0.09590625
0 0.0730703125 0.9715859375000001 0.057085937499999996 0.054804687500000004
0 0.372765625 0.9144375 0.10389843750000001 0.171125
0 0.6758203125 0.8539375 0.0957734375 0.178109375
0 0.97209375 0.8499375 0.0558125 0.1061796875
0 0.729546875 0.51490625 0.054804687500000004 0.10046875
0 0.9857968749999999 0.5388828125 0.028414062499999997 0.0685
0 0.727265625 0.2334765625 0.0730703125 0.1153125
0 0.4509765625 0.3219609375 0.10503906249999999 0.146140625
0 0.4698125 0.0936171875 0.0901953125 0.1438515625
1 0.057085937499999996 0.821453125 0.038820312499999995 0.069640625
1 0.09818750000000001 0.8831093750000001 0.045671875 0.1427109375
1 0.061078125000000004 0.9167890625 0.030828125 0.054804687500000004
1 0.191234375 0.9367656249999999 0.049093750000000005 0.0764921875
1 0.056515625 0.7266953125 0.033109375 0.051375000000000004
1 0.09761718750000001 0.6370703125 0.08106250000000001 0.086765625
1 0.1723984375 0.5993906250000001 0.031968750000000004 0.059367187499999995
1 0.0879140625 0.4298515625 0.0296875 0.030828125
1 0.22948437500000002 0.4983515625 0.031968750000000004 0.0605078125
1 0.145 0.4618203125 0.0730703125 0.07878125
1 0.1170234375 0.40073437500000003 0.05365625 0.0228359375
1 0.42699999999999994 0.7072890625 0.047953125 0.065078125
1 0.42642968750000004 0.772359375 0.0605078125 0.0445234375
1 0.376765625 0.7780703124999999 0.03425 0.1061796875
1 0.41215624999999995 0.8294453125000001 0.03425 0.065078125
1 0.4589609375 0.49721093749999995 0.0296875 0.065078125
1 0.404734375 0.51890625 0.0468125 0.07421093749999999
1 0.18267187499999998 0.19237500000000002 0.031968750000000004 0.062796875
1 0.133578125 0.2015078125 0.0411015625 0.051375000000000004
1 0.14328125 0.079921875 0.035390624999999995 0.059367187499999995
1 0.1809609375 0.062226562500000006 0.033109375 0.12444531249999999
1 0.06393750000000001 0.0359609375 0.038820312499999995 0.065078125
1 0.007421875 0.0793515625 0.01484375 0.069640625
1 0.29284374999999996 0.10275000000000001 0.0399609375 0.0730703125
1 0.3590625 0.09133593749999999 0.0399609375 0.047953125
1 0.475515625 0.20607812499999997 0.030828125 0.049093750000000005
1 0.44526562500000005 0.129015625 0.03653125 0.082203125
1 0.48921875000000004 0.010843750000000001 0.05365625 0.0216953125
1 0.4983515625 0.0336796875 0.030828125 0.030828125
1 0.611953125 0.990359375 0.0273984375 0.0192734375
1 0.695296875 0.953828125 0.052515624999999996 0.09234375
1 0.6450625 0.9840859375000001 0.03653125 0.0318359375
1 0.61709375 0.9481875000000001 0.0399609375 0.0422421875
1 0.6285078125 0.7700781250000001 0.0559453125 0.07421093749999999
1 0.6776015625 0.735828125 0.035390624999999995 0.07192968749999999
1 0.6821640625 0.6302187499999999 0.0764921875 0.116453125
1 0.74325 0.6365000000000001 0.0411015625 0.10846093750000001
1 0.727265625 0.7363984375 0.057085937499999996 0.09133593749999999
1 0.73925 0.8077578125 0.030828125 0.05365625
1 0.772359375 0.4915 0.049093750000000005 0.11303125
1 0.7352578125 0.4384140625 0.054804687500000004 0.0433828125
1 0.6924453125000001 0.4172890625 0.037679687499999996 0.0445234375
1 0.7558046875 0.3944609375 0.031968750000000004 0.0468125
1 0.69015625 0.3425078125 0.026257812499999998 0.06621875
1 0.7346874999999999 0.33965625 0.037679687499999996 0.0582265625
1 0.9503984375 0.949828125 0.0991953125 0.1003359375
1 0.98921875 0.7735078125 0.021562500000000002 0.051375000000000004
1 0.9703828124999999 0.6724609375 0.05923437499999999 0.09133593749999999
1 0.964671875 0.59140625 0.07065625 0.0753515625
1 0.9726640625 0.368203125 0.054671875 0.2591640625
1 0.80546875 0.022265625 0.062796875 0.0422421875
1 0.714703125 0.027968749999999997 0.03425 0.05365625
1 0.7672265625 0.12444531249999999 0.079921875 0.12330468750000001
1 0.6827421874999999 0.14157031250000002 0.0411015625 0.06393750000000001
1 0.712421875 0.08562499999999999 0.03425 0.045671875
1 0.7889140625 0.059367187499999995 0.045671875 0.03425
1 0.071359375 0.5451640624999999 0.026257812499999998 0.033109375
1 0.10046875 0.5685703125 0.0251171875 0.052515624999999996
1 0.6776015625 0.5314609375 0.0445234375 0.062796875
0 0.4053046875 0.618234375 0.0890546875 0.145