0 0.0831328125 0.2600078125 0.11080468750000001 0.171578125
0 0.423734375 0.194015625 0.1044921875 0.1567734375
0 0.7696015625 0.14168750000000002 0.08139062500000001 0.0958984375
0 0.4016640625 0.43828125 0.079890625 0.13359375
0 0.100515625 0.039382812499999996 0.0791640625 0.07876562499999999
0 0.7416796875 0.41621874999999997 0.0528828125 0.0933828125
0 0.055015625 0.5728046875 0.1014296875 0.164359375
0 0.717265625 0.6719999999999999 0.07046875 0.11275781250000001
0 0.3668984375 0.7253046875 0.0806796875 0.1654375
0 0.043296875 0.8643203125 0.078 0.180984375
0 0.3524453125 0.9533203125 0.1064609375 0.093359375
0 0.696171875 0.95625 0.05953125 0.0875
1 0.0890546875 0.11094531249999999 0.035398437500000005 0.0635625
1 0.10996874999999999 0.16119531250000002 0.013000000000000001 0.02690625
1 0.0532890625 0.182375 0.0194296875 0.0206484375
1 0.0490390625 0.41409375 0.047382812499999996 0.1004140625
1 0.08853124999999999 0.36238281250000004 0.030882812500000002 0.024773437500000002
1 0.107453125 0.3946640625 0.03053125 0.03378125
1 0.11274999999999999 0.442984375 0.0324375 0.0297109375
1 0.053117187499999996 0.507546875 0.015609375 0.0338359375
1 0.06657031249999999 0.6776328125 0.00953125 0.0198515625
1 0.0830625 0.7051171875 0.0182109375 0.036625000000000005
1 0.28625781250000004 0.481140625 0.02703125 0.02790625
1 0.0476484375 0.9880859375 0.0237734375 0.022703124999999998
1 0.3043984375 0.8877656249999999 0.0268515625 0.037343749999999995
1 0.36628906250000004 0.8634609375 0.0308359375 0.11372656249999999
1 0.41480468750000005 0.8602578125000001 0.060164062500000004 0.0604453125
1 0.4435390625 0.9197031250000001 0.049921875 0.052593749999999995
1 0.4640234375 0.9724609375 0.04921875 0.053953125000000005
1 0.5148828125 0.94746875 0.029421874999999997 0.09423437500000001
1 0.6438671874999999 0.8985234375 0.026968750000000003 0.0796875
1 0.603421875 0.9058203125000001 0.039820312499999996 0.0248359375
1 0.45959374999999997 0.7810859375 0.017796875 0.018421874999999997
1 0.48424218750000003 0.8211718749999999 0.032375 0.0603984375
1 0.5084609375 0.7700625 0.020046875 0.0571328125
1 0.534765625 0.7796015625 0.018828125 0.07275000000000001
1 0.4678359375 0.710609375 0.056859375000000004 0.10663281250000001
1 0.49006249999999996 0.625828125 0.045742187499999996 0.056874999999999995
1 0.426 0.7431640625 0.018328125 0.020703125
1 0.3828671875 0.570515625 0.044890625 0.10596093749999999
1 0.43615624999999997 0.5071796875000001 0.0160703125 0.024421875000000003
1 0.41185937499999997 0.516984375 0.0160703125 0.02146875
1 0.429390625 0.5861484375 0.0268359375 0.026109375
1 0.4029140625 0.6309218750000001 0.024234375 0.0392734375
1 0.21890625 0.5423203125 0.024265625 0.0207578125
1 0.8178124999999999 0.5950859375 0.034578125 0.0387734375
1 0.7938515625 0.642203125 0.04221875 0.0444765625
1 0.781703125 0.5881406250000001 0.03875 0.04571875
1 0.7930703125 0.518453125 0.021562500000000002 0.0435078125
1 0.7533203125 0.48217968750000006 0.00803125 0.023046875
1 0.60784375 0.644390625 0.064296875 0.139125
1 0.5503828125 0.6074296875 0.0431328125 0.061742187500000004
1 0.6648671875 0.5364140625 0.114109375 0.07421875
1 0.67503125 0.6072265625 0.02853125 0.056125
1 0.704796875 0.60584375 0.013421875 0.018632812500000002
1 0.656453125 0.6405546875 0.036515625 0.0325
1 0.65115625 0.6816875 0.02071875 0.027960937499999998
1 0.6785859375000001 0.688375 0.013078125 0.011820312500000001
1 0.91103125 0.9374062500000001 0.023109374999999998 0.0463359375
1 0.79871875 0.8436875 0.0241640625 0.0325078125
1 0.760265625 0.269390625 0.014976562500000002 0.028015625
1 0.3424140625 0.3147890625 0.0508046875 0.0875625
1 0.21838281249999997 0.29596875 0.040578125 0.0238828125
1 0.4293046875 0.346734375 0.0145078125 0.0403359375
1 0.375140625 0.3490703125 0.017296875 0.0467578125
1 0.3830390625 0.09017968750000001 0.034828125 0.046328125
1 0.45203906250000003 0.0707421875 0.021796875 0.02134375
1 0.383125 0.03290625 0.040203125 0.0359453125
1 0.53371875 0.06153125 0.0445234375 0.1230546875
1 0.6074140625 0.0477421875 0.0651640625 0.0465234375
1 0.561234375 0.0145078125 0.014484374999999999 0.0269296875
1 0.57546875 0.012078125 0.0151796875 0.0220703125
1 0.7683359375000001 0.046218749999999996 0.015492187499999999 0.02090625
1 0.7958515625 0.0446484375 0.020171875 0.028195312500000003
1 0.8244921875 0.1285703125 0.018437500000000002 0.031093749999999996
1 0.734140625 0.2554453125 0.0102890625 0.014703125000000001
1 0.7029765625 0.465890625 0.0253984375 0.0338671875
1 0.6715546875 0.40653125 0.014640624999999999 0.026265624999999997
1 0.6879609375 0.4214609375 0.0248828125 0.03528125
1 0.671640625 0.454609375 0.020023437499999998 0.0494921875
1 0.7988046875 0.746171875 0.0226015625 0.019765625000000002
1 0.5726093750000001 0.9339375000000001 0.018125 0.025515624999999997
1 0.852875 0.2891171875 0.0213828125 0.0223359375
1 0.93484375 0.71521875 0.027718749999999997 0.0661484375
1 0.97903125 0.787296875 0.017890625 0.02728125
1 0.9895078125 0.1664921875 0.020984375 0.062453125
1 0.96396875 0.2065546875 0.0123125 0.0198125
1 0.3179296875 0.5181796875 0.0171015625 0.033687499999999995
1 0.10365625 0.4887265625 0.017140625 0.019421874999999998
1 0.053109375 0.474890625 0.0164765625 0.027460937499999998
1 0.5276171875 0.8574453125 0.019078125 0.055960937499999995
1 0.9106249999999999 0.8001015625000001 0.0172265625 0.02609375