0 0.4438984375 0.07596875 0.10225 0.1519453125
0 0.4262265625 0.35571875 0.07666406249999999 0.1114296875
0 0.109546875 0.1515625 0.08980468750000001 0.18555468749999998
0 0.0803515625 0.44800781250000005 0.107578125 0.116328125
0 0.3962421875 0.6049921875 0.0928828125 0.11780468749999999
0 0.7566640625 0.47768750000000004 0.073484375 0.1131875
0 0.7913281249999999 0.21488281250000002 0.0666484375 0.0797578125
0 0.7209296875 0.7024453125 0.0637265625 0.0744140625
0 0.378375 0.8964140625000001 0.078625 0.1674375
0 0.696515625 0.944953125 0.070375 0.0750546875
0 0.0482265625 0.7354296875 0.09215625 0.144296875
0 0.028695312499999997 0.9380859375 0.0531015625 0.123828125
1 0.194703125 0.0655703125 0.0491640625 0.0702109375
1 0.24089062499999997 0.102859375 0.0848984375 0.0940078125
1 0.22477343749999998 0.2116171875 0.0702578125 0.104484375
1 0.1827890625 0.24120312500000002 0.0370625 0.0562421875
1 0.20456249999999998 0.3430234375 0.07475000000000001 0.13682031249999999
1 0.043640625 0.16125 0.04978125 0.07405468750000001
1 0.1187265625 0.02915625 0.0651953125 0.05402343750000001
1 0.12068749999999999 0.3163203125 0.022226562499999998 0.04240625
1 0.0681484375 0.23870312500000002 0.0304375 0.0414765625
1 0.020203125 0.346125 0.04040625 0.086390625
1 0.067859375 0.36634375 0.0513359375 0.0506484375
1 0.0896328125 0.291359375 0.04215625 0.0725625
1 0.039632812499999996 0.5016875 0.035914062499999996 0.0381484375
1 0.0590625 0.5874921875 0.11578906250000001 0.11795312499999999
1 0.09421874999999999 0.6538828125 0.0454765625 0.0710546875
1 0.06521875 0.847421875 0.05973437499999999 0.065546875
1 0.1429453125 0.94053125 0.1214375 0.1189453125
1 0.145484375 0.751875 0.060109375 0.07758593750000001
1 0.1190234375 0.7947421875 0.044296875 0.048078125
1 0.136109375 0.6810078125000001 0.025742187500000003 0.0335
1 0.3882421875 0.674265625 0.0338984375 0.037601562500000005
1 0.746703125 0.9419609375 0.0340390625 0.061265625000000004
1 0.6836249999999999 0.989359375 0.03678125 0.0212890625
1 0.7051093749999999 0.8641484374999999 0.0563125 0.07165625
1 0.778640625 0.7598906249999999 0.045164062500000005 0.0428203125
1 0.7971874999999999 0.80753125 0.015867187499999998 0.028734375
1 0.7263984375 0.8088046875 0.0246640625 0.0293203125
1 0.6825546874999999 0.8008984375000001 0.0170546875 0.0232734375
1 0.734796875 0.7798046875 0.0141171875 0.0201640625
1 0.74934375 0.8825078124999999 0.017828125 0.0224453125
1 0.731671875 0.5680156249999999 0.0313046875 0.0575078125
1 0.7894765625 0.5736796875 0.029734375 0.033687499999999995
1 0.7769765625 0.620140625 0.075046875 0.087546875
1 0.7898671875 0.68321875 0.030515625 0.0379140625
1 0.8007031250000001 0.4853828125 0.0307109375 0.034835937500000004
1 0.729328125 0.5238515625 0.0188046875 0.0141171875
1 0.8931796875 0.41293749999999996 0.0613515625 0.11258593750000001
1 0.7540312499999999 0.374859375 0.035015625 0.09503906250000001
1 0.7819609375 0.42384374999999996 0.0244609375 0.030898437499999997
1 0.796703125 0.334984375 0.040281250000000005 0.1461484375
1 0.733625 0.30128125 0.0430234375 0.0943515625
1 0.7547109375 0.1046171875 0.0461484375 0.109234375
1 0.793671875 0.08978125 0.0322734375 0.07175781249999999
1 0.7298125 0.1935625 0.041265625 0.0547109375
1 0.8474765625 0.0447109375 0.032460937499999995 0.04996875
1 0.7722890625 0.012984375000000001 0.034421875000000005 0.025968750000000002
1 0.8133046875 0.02996875 0.014890625 0.026351562499999998
1 0.8243359375000001 0.5387500000000001 0.034999999999999996 0.0400078125
1 0.38540625 0.77528125 0.014570312499999998 0.0364921875
1 0.1545703125 0.053593749999999996 0.029453125000000004 0.04625
1 0.43647656250000005 0.293796875 0.032718750000000005 0.0442265625
1 0.050375 0.0360625 0.0300546875 0.058421875
1 0.0403203125 0.102671875 0.039234375 0.0428515625
1 0.021476562499999997 0.036578125 0.0347421875 0.053234375
1 0.1444140625 0.8309609375000001 0.032578125 0.04434375
1 0.3108046875 0.8085078125 0.021609375 0.0189765625
1 0.4799296875 0.08249218750000001 0.023929687499999998 0.0259296875