0 0.14545312500000002 0.0748046875 0.0819296875 0.149609375
0 0.1015234375 0.3265234375 0.0748046875 0.116359375
0 0.08549218750000001 0.5361015625000001 0.06886718750000001 0.150796875
0 0.0486796875 0.7919765625 0.08549218750000001 0.132984375
0 0.3811484375 0.7931640625 0.0569921875 0.116359375
0 0.41676562500000003 0.5159140625 0.0474921875 0.1009296875
0 0.451203125 0.25290625 0.0664921875 0.10211718750000001
0 0.742109375 0.07064843750000001 0.0902421875 0.136546875
0 0.711234375 0.308125 0.0997421875 0.160296875
0 0.6720546875 0.58240625 0.08549218750000001 0.138921875
0 0.6483046875 0.8281953124999999 0.1044921875 0.155546875
0 0.9326796875 0.740921875 0.07242968749999999 0.125859375
0 0.9743515625000001 0.404296875 0.0512890625 0.122296875
0 0.9785078125 0.13773437500000002 0.042976562499999996 0.14485937499999998
1 0.0130625 0.06233593750000001 0.026125 0.11517187499999999
1 0.30278125 0.9160546875 0.0403671875 0.043929687499999995
1 0.3437421875 0.933390625 0.0415546875 0.13321875
1 0.3918359375 0.9029921875 0.0379921875 0.0415546875
1 0.436359375 0.9826640624999999 0.0368046875 0.034664062499999995
1 0.3484921875 0.687484375 0.046304687500000004 0.0403671875
1 0.3829296875 0.729046875 0.0368046875 0.026125
1 0.3906484375 0.687484375 0.030875000000000003 0.06411718749999999
1 0.3383984375 0.7759453125 0.028499999999999998 0.11754687500000001
1 0.3752109375 0.5717187499999999 0.0736171875 0.0676796875
1 0.427453125 0.44942187499999997 0.0427421875 0.051054687499999994
1 0.403109375 0.3853046875 0.0249375 0.0391796875
1 0.44942187499999997 0.37224218750000004 0.0320625 0.051054687499999994
1 0.455953125 0.32178125 0.0736171875 0.0474921875
1 0.46010937500000004 0.10211718750000001 0.0748046875 0.20422656250000001
1 0.56221875 0.5818125000000001 0.046304687500000004 0.0474921875
1 0.6821484375 0.696390625 0.0391796875 0.055804687500000005
1 0.689265625 0.4719765625 0.0795546875 0.1009296875
1 0.6483046875 0.6275234375000001 0.0474921875 0.07717968750000001
1 0.6631484375000001 0.9791015625 0.034437499999999996 0.0417890625
1 0.6358359375 0.9344453125 0.051054687499999994 0.0403671875
1 0.746859375 0.173359375 0.0878671875 0.10211718750000001
1 0.756953125 0.2535 0.0273125 0.0368046875
1 0.6833359375 0.23807031250000002 0.0320625 0.0320625
1 0.9279296875 0.903109375 0.0914296875 0.1937734375
1 0.9849218750000001 0.96603125 0.0273125 0.0679296875
1 0.9101171875 0.5236328125 0.0415546875 0.0522421875
1 0.8911250000000001 0.6269296875 0.0320625 0.0973671875
1 0.9593984375 0.6014062499999999 0.08074218749999999 0.150796875
1 0.9624843750000001 0.49513281249999996 0.0750390625 0.06886718750000001
1 0.9231796875 0.3959921875 0.0415546875 0.0795546875
1 0.9421796875 0.25528125 0.0581796875 0.135359375
1 0.8222578125 0.23035156250000002 0.0273125 0.0569921875
1 0.86796875 0.25409375 0.0403671875 0.035625000000000004
1 0.86915625 0.30634375 0.035625000000000004 0.030875000000000003
1 0.9831406250000001 0.03265625 0.03325 0.055804687500000005
1 0.9386171875 0.0629296875 0.0249375 0.0427421875
1 0.9475234374999999 0.130609375 0.019 0.0403671875
1 0.6934218750000001 0.0730234375 0.02375 0.0819296875