0 0.1919140625 0.2590234375 0.136953125 0.18914843750000002
0 0.5211875 0.34357812499999996 0.1095546875 0.15121875
0 0.150515625 0.6184921875 0.11664843750000001 0.1698046875
0 0.52353125 0.7313515625 0.12049218749999999 0.16895312499999998
0 0.8998671874999999 0.6130312499999999 0.0958203125 0.14325000000000002
0 0.905921875 0.22759374999999998 0.11183593750000001 0.16143749999999998
0 0.1370390625 0.9650390625 0.077984375 0.069921875
1 0.15871875 0.8498749999999999 0.1096171875 0.14428125
1 0.16965625 0.745421875 0.0689921875 0.07210156250000001
1 0.2534375 0.8098671875000001 0.02953125 0.0369140625
1 0.22374999999999998 0.7130156249999999 0.06390625 0.07758593750000001
1 0.157546875 0.3869375 0.052593749999999995 0.05825
1 0.21593749999999998 0.3918125 0.04828125 0.0953515625
1 0.20363281249999998 0.4906171875 0.051023437500000005 0.06639062500000001
1 0.1526640625 0.4880859375 0.046734375 0.0496015625
1 0.20831249999999998 0.01 0.041281250000000005 0.017906250000000002
1 0.21872656250000003 0.046703125 0.0204453125 0.0513828125
1 0.18140625 0.09234375 0.074265625 0.055867187500000005
1 0.22896875 0.1846796875 0.0443984375 0.06692187499999999
1 0.24112499999999998 0.13409374999999998 0.013148437499999999 0.026515624999999998
1 0.1567578125 0.16298437500000001 0.02496875 0.047843750000000004
1 0.19346875 0.14164062500000002 0.02375 0.0294609375
1 0.187390625 0.96340625 0.028953125000000003 0.061882812499999995
1 0.5058515625 0.9480000000000001 0.101640625 0.10399218750000001
1 0.5556796875 0.8670781249999999 0.038093749999999996 0.0532578125
1 0.49292187500000006 0.8684687500000001 0.0566796875 0.05603125
1 0.5192265625 0.8327109374999999 0.0415703125 0.0609140625
1 0.554984375 0.818484375 0.015875 0.025515624999999997
1 0.9175390625000001 0.7181640625 0.01703125 0.04015625
1 0.5700000000000001 0.6520078125000001 0.044171875 0.041515625
1 0.5209609375 0.633265625 0.038101562500000005 0.0456953125
1 0.4848515625 0.5919609375 0.0283828125 0.03253125
1 0.5607968750000001 0.571 0.0361875 0.108671875
1 0.5079374999999999 0.54740625 0.0224765625 0.026765624999999998
1 0.5317265625 0.5454921875000001 0.024906249999999998 0.0680703125
1 0.52165625 0.4746015625 0.01865625 0.025242187500000002
1 0.5443984375 0.4744296875 0.0259453125 0.035312500000000004
1 0.5752109375 0.46782812500000004 0.03375 0.0568359375
1 0.577984375 0.404359375 0.04625 0.0653125
1 0.533984375 0.43075 0.0120625 0.020867187500000002
1 0.5903125 0.3406328125 0.0396484375 0.0507109375
1 0.5733828125 0.28596093749999996 0.0387890625 0.0559453125
1 0.6013359375 0.22833593749999997 0.03565625 0.065703125
1 0.5917890625 0.17071875 0.026976562500000002 0.0476875
1 0.56184375 0.1800078125 0.0313203125 0.04021875
1 0.5966484375000001 0.1233359375 0.0228125 0.046671875
1 0.5601953125 0.070109375 0.033234375 0.0443828125
1 0.5360625 0.0464765625 0.0162265625 0.0301015625
1 0.224546875 0.7796093749999999 0.019921875 0.0449765625
1 0.2392109375 0.756875 0.01975 0.0238203125
1 0.8682421874999999 0.9090859375000001 0.0573125 0.053929687500000004
1 0.8918515625 0.9599375 0.0489765625 0.0410546875
1 0.9129453125 0.9028281249999999 0.030398437499999997 0.069203125
1 0.859125 0.8357578125 0.0199921875 0.0270703125
1 0.9150234375 0.8418281249999999 0.013734374999999998 0.0426875
1 0.9268281249999999 0.7822109375 0.023453125 0.032828125
1 0.8905468750000001 0.486546875 0.023804687499999998 0.0161484375
1 0.9335156250000001 0.503203125 0.0211953125 0.035578125
1 0.900703125 0.5071953125 0.014601562500000002 0.026203125
1 0.9206640625 0.3381484375 0.030226562499999998 0.05615625
1 0.8845625 0.3423125 0.0205078125 0.0297734375
1 0.9093828125 0.4823515625 0.0111328125 0.01990625
1 0.91103125 0.010515625 0.0508828125 0.02103125
1 0.88378125 0.0620625 0.0206796875 0.0456484375
1 0.9142421875 0.1055625 0.048625 0.084046875
1 0.94184375 0.1470546875 0.0170234375 0.0246640625
1 0.59221875 0.0248671875 0.019164062500000002 0.030289062500000002
1 0.9473125 0.0207890625 0.0088671875 0.020398437499999998
1 0.8817812500000001 0.3747421875 0.014953125000000001 0.01996875
1 0.5628828125 0.1489375 0.026460937499999997 0.01628125
1 0.8882890625 0.8443828124999999 0.0158203125 0.026953125
1 0.8895078125 0.820171875 0.014781250000000001 0.0184609375
1 0.8931484375000001 0.9909687500000001 0.046375 0.0180546875
1 0.1924296875 0.5626484375 0.0494375 0.05550000000000001
1 0.21265625 0.60465625 0.0187109375 0.02840625
1 0.21716406250000003 0.6503828125 0.0207890625 0.031328125
1 0.5480390625 0.02121875 0.017265625 0.0334140625