0 0.131296875 0.12444531249999999 0.11417187499999999 0.19865625
0 0.12501562500000002 0.5331718750000001 0.099328125 0.19865625
0 0.1392890625 0.9122187500000001 0.12330468750000001 0.150703125
0 0.5154765625 0.9190078125 0.10389843750000001 0.1619921875
0 0.5166171875 0.142140625 0.07192968749999999 0.099328125
1 0.1495625 0.017125 0.0228359375 0.0296875
1 0.1878125 0.010843750000000001 0.0239765625 0.0216953125
1 0.17753125 0.07192968749999999 0.0285390625 0.084484375
1 0.17582031250000002 0.3059765625 0.0251171875 0.047953125
1 0.1364296875 0.34365625 0.030828125 0.0936171875
1 0.15184375 0.436703125 0.054804687500000004 0.0285390625
1 0.1958046875 0.4760859375 0.0285390625 0.1598359375
1 0.1615546875 0.6222265625000001 0.0468125 0.045671875
1 0.1809609375 0.6764609375 0.0285390625 0.037679687499999996
1 0.1524140625 0.718703125 0.0422421875 0.030828125
1 0.12444531249999999 0.7620859375 0.03425 0.0582265625
1 0.1341484375 0.8442890625 0.0399609375 0.0285390625
1 0.1895234375 0.8528515625 0.031968750000000004 0.057085937499999996
1 0.191234375 0.9253515625000001 0.0285390625 0.035390624999999995
1 0.188953125 0.3784765625 0.033109375 0.0285390625
1 0.47894531249999994 0.018265625 0.033109375 0.0273984375
1 0.4543984375 0.0730703125 0.0228359375 0.050234375
1 0.48465625 0.078203125 0.033109375 0.051375000000000004
1 0.46467187499999996 0.1723984375 0.038820312499999995 0.12786718749999998
1 0.4949296875 0.2546015625 0.0445234375 0.084484375
1 0.46125 0.33166406249999997 0.020546875 0.0582265625
1 0.4652421875 0.415578125 0.026257812499999998 0.050234375
1 0.50634375 0.3927421875 0.026257812499999998 0.031968750000000004
1 0.48293749999999996 0.34992968750000003 0.031968750000000004 0.0445234375
1 0.5000625000000001 0.43499218749999996 0.038820312499999995 0.0273984375
1 0.47494531249999994 0.477234375 0.0433828125 0.054804687500000004
1 0.5171953125 0.4937890625 0.0296875 0.049093750000000005
1 0.48350781249999997 0.5251796875 0.065078125 0.031968750000000004
1 0.582265625 0.3933203125 0.0730703125 0.1404296875
1 0.577703125 0.517765625 0.082203125 0.08106250000000001
1 0.47894531249999994 0.581125 0.062796875 0.079921875
1 0.534890625 0.6113828125 0.01940625 0.037679687499999996
1 0.516046875 0.6507734375 0.0273984375 0.03653125
1 0.473234375 0.6724609375 0.037679687499999996 0.0228359375
1 0.566859375 0.6227968749999999 0.0239765625 0.026257812499999998
1 0.5634296875 0.6627578125 0.01940625 0.030828125
1 0.552015625 0.6981484375 0.0216953125 0.0285390625
1 0.48807812500000003 0.7677968749999999 0.097046875 0.1427109375
1 0.562859375 0.784921875 0.031968750000000004 0.101609375
1 0.5856953125000001 0.7461015625 0.031968750000000004 0.0468125
1 0.585125 0.9361328125 0.0468125 0.1277421875
1 0.6365000000000001 0.9909296875000001 0.0445234375 0.0181328125
1 0.49664062500000006 0.8431484375 0.03653125 0.0445234375
1 0.144421875 0.9955 0.1107421875 0.009
1 0.554296875 0.24660937500000002 0.0582265625 0.09818750000000001
1 0.5674296875 0.0468125 0.052515624999999996 0.0936171875
1 0.5605781249999999 0.1735390625 0.0251171875 0.0616484375
1 0.1798203125 0.7735078125 0.0445234375 0.065078125