0 0.1505 0.0273671875 0.06394531249999999 0.0547265625
0 0.1498515625 0.4881015625 0.06785156249999999 0.10196875000000001
0 0.144640625 0.7543671875 0.078265625 0.103265625
0 0.6399140625 0.9277578125 0.07748437500000001 0.09240625
0 0.6347031249999999 0.284328125 0.0566484375 0.1006796875
0 0.6277578125 0.0688359375 0.0705390625 0.12021875
0 0.868015625 0.0846796875 0.051046875000000005 0.07290624999999999
0 0.864109375 0.34053125 0.0484453125 0.08982812500000001
0 0.863453125 0.5696953125 0.052351562500000004 0.0793984375
1 0.3889609375 0.0710390625 0.0728125 0.0689375
1 0.3766484375 0.3400390625 0.035875000000000004 0.060304687499999995
1 0.366796875 0.5226484375 0.0383359375 0.06440625
1 0.3889609375 0.581953125 0.018640625 0.041828125
1 0.36433593750000004 0.8950625000000001 0.03340625 0.0360703125
1 0.3906015625 0.8335078125000001 0.049828125 0.0508515625
1 0.368640625 0.9383593749999999 0.0321796875 0.0455078125
1 0.6155078125 0.394203125 0.0482265625 0.0947734375
1 0.65490625 0.42067187500000003 0.018687500000000003 0.0295234375
1 0.719546875 0.37553125 0.0248515625 0.0213203125
1 0.135328125 0.1264375 0.0875390625 0.11571875000000001
1 0.13409374999999998 0.22492968750000003 0.050601562499999996 0.071390625
1 0.172875 0.27109375 0.024492187500000002 0.08492968749999999
1 0.143328125 0.32321093749999996 0.029671874999999997 0.06441406250000001
1 0.1537890625 0.40815625000000005 0.040757812500000004 0.07179687500000001
1 0.116234375 0.418828125 0.0198203125 0.050453125
1 0.1024921875 0.0341015625 0.0202265625 0.049234375000000004
1 0.147640625 0.62421875 0.0776953125 0.14934375
1 0.14209375 0.9079921875 0.06168749999999999 0.180125
1 0.6475234375000001 0.9910390625 0.06300781250000001 0.0179140625
0 0.63746875 0.6090390625000001 0.0461796875 0.0910859375
1 0.627828125 0.7444609375 0.07778125 0.091078125
1 0.616125 0.6753125 0.0543828125 0.0447109375
1 0.6327499999999999 0.8115625 0.058078125 0.0430625
1 0.641984375 0.8564921875 0.0322265625 0.034445312500000005
1 0.60053125 0.594265625 0.0313984375 0.0615390625
1 0.8580703125 0.022203125 0.0458125 0.038570312499999995
1 0.8627890624999999 0.1957890625 0.06346093750000001 0.08534375
1 0.8597109375 0.27273437500000003 0.0819296875 0.037328125000000004
1 0.8512968750000001 0.510953125 0.0765859375 0.041015625
1 0.8629921875000001 0.464171875 0.0655078125 0.0459375
1 0.866484375 0.4167734375 0.0511484375 0.0496328125
1 0.86340625 0.6816718749999999 0.0548359375 0.12800781249999998
1 0.8796171875000001 0.88146875 0.06428125 0.2370546875