0 0.5289921875 0.48961718750000005 0.1314296875 0.20892968750000002
0 0.513765625 0.8160859374999999 0.12439843749999999 0.2056171875
0 0.8666640624999999 0.909375 0.1622265625 0.18125
0 0.8619765625 0.523015625 0.12160937499999999 0.1858671875
0 0.8865859374999999 0.0751015625 0.13175781250000002 0.14161718750000002
0 0.1546171875 0.61146875 0.0896953125 0.1713671875
0 0.1846875 0.9513671875 0.07953906250000001 0.097265625
1 0.19978125 0.350703125 0.05932031250000001 0.350515625
1 0.25875781249999996 0.367515625 0.02103125 0.02175
1 0.166578125 0.3685859375 0.047609374999999995 0.06489843749999999
1 0.1558359375 0.48612500000000003 0.03003125 0.081234375
1 0.16784375 0.7878515625 0.11850000000000001 0.1690625
1 0.19665625 0.6557734375 0.05307031250000001 0.0787421875
1 0.2517265625 0.8451796874999999 0.0226015625 0.035671875
1 0.122046875 0.937109375 0.0523046875 0.1199140625
1 0.1687265625 0.8886015625000001 0.0401875 0.0326640625
1 0.090703125 0.9313593750000001 0.022820312500000002 0.02834375
1 0.5173281249999999 0.9493203125 0.0147421875 0.0330234375
1 0.54115625 0.931453125 0.015515625 0.034398437500000004
1 0.50971875 0.655328125 0.019039062500000002 0.0270703125
1 0.49350781250000003 0.667046875 0.0217734375 0.0114453125
1 0.5581484375 0.7813671875 0.014343749999999999 0.02328125
1 0.5247499999999999 0.6927265625000001 0.013960937500000001 0.0178671875
1 0.9075312500000001 0.7079453124999999 0.037328125000000004 0.059265625
1 0.9333125000000001 0.6333671875 0.026390625 0.031960937499999995
1 0.9301875000000001 0.5856250000000001 0.020140625000000002 0.024375
1 0.85421875 0.6400078125 0.012734375000000001 0.0218046875
1 0.5090312499999999 0.344234375 0.02353125 0.0708984375
1 0.5539531249999999 0.373921875 0.0118046875 0.0208984375
1 0.52396875 0.22425781250000001 0.0202109375 0.051640624999999996
1 0.5154765625 0.020671875 0.040328125 0.041335937499999996
1 0.5546328125 0.0604921875 0.046375 0.1209765625
1 0.5270937499999999 0.11165624999999998 0.026460937499999997 0.060812500000000005
1 0.5676171875 0.12796093749999998 0.0078984375 0.0172578125
1 0.5837343749999999 0.0877421875 0.006921874999999999 0.02275
1 0.5385234375 0.28700000000000003 0.0161015625 0.028687499999999998
1 0.1229296875 0.3092578125 0.020859375 0.018515625
1 0.11365624999999999 0.388140625 0.015984375000000002 0.02003125
1 0.1286953125 0.3827734375 0.0187109375 0.02296875
1 0.20856249999999998 0.08742968749999999 0.0886171875 0.1748515625
1 0.8622265625000001 0.149046875 0.02484375 0.0359921875
1 0.9002109375 0.1958125 0.0754140625 0.0611484375
1 0.9364375 0.30339062499999997 0.048265625 0.0692890625
1 0.9477656250000001 0.3600234375 0.024046875000000002 0.026296874999999997
1 0.903234375 0.38696875 0.0209296875 0.0333125
1 0.9252109374999999 0.3815078125 0.0082265625 0.014570312499999998
1 0.8842968750000001 0.297640625 0.018195312499999998 0.032390625
1 0.9047968750000001 0.3262421875 0.016242187499999998 0.0251484375
1 0.8595859375 0.3737890625 0.0176171875 0.020624999999999998
1 0.8852734375000001 0.45241406250000005 0.016242187499999998 0.0450625
1 0.83234375 0.46051562500000004 0.023671875000000002 0.0241640625