0 0.2141796875 0.1537890625 0.095546875 0.162265625
0 0.1784375 0.47204687500000003 0.1139140625 0.19722656249999998
0 0.1546171875 0.8223359374999999 0.1209453125 0.202484375
0 0.5420859375 0.873109375 0.0677578125 0.14778125
0 0.91021875 0.7485390625 0.08136718750000001 0.1564453125
0 0.5754765625 0.5419609375000001 0.0759609375 0.1104921875
0 0.5926640625 0.2397109375 0.063453125 0.1153515625
0 0.916078125 0.449796875 0.08527343750000001 0.14490625
0 0.9346249999999999 0.14656249999999998 0.09503906250000001 0.1517265625
1 0.25378124999999996 0.14878125 0.0325546875 0.054976562500000006
1 0.610484375 0.4160859375 0.025273437500000002 0.031
1 0.5771875 0.6154453125 0.0231328125 0.0273671875
1 0.5444765625 0.5986875 0.01825 0.0270546875
1 0.502390625 0.6154765624999999 0.018062500000000002 0.037203125
1 0.50346875 0.72309375 0.0221640625 0.055171875
1 0.5410625 0.739109375 0.0407109375 0.0481328125
1 0.5520937499999999 0.6947890625 0.013953125 0.01809375
1 0.53559375 0.68678125 0.01415625 0.021609375
1 0.55678125 0.7850312500000001 0.042078125 0.0442734375
1 0.5178203124999999 0.8528828125000001 0.013765625 0.017875
1 0.5021015625 0.981546875 0.0233359375 0.0369140625
1 0.49917187500000004 0.9379531249999999 0.0135703125 0.0278515625
1 0.1603125 0.9681875 0.0164609375 0.0245625
1 0.2448515625 0.4306015625 0.022351562499999998 0.032734374999999996
1 0.21057031249999997 0.0636875 0.014546875 0.0211328125
1 0.5469999999999999 0.06314062499999999 0.020734375 0.0217578125
1 0.64490625 0.11285937500000001 0.0151640625 0.02225
1 0.5423984374999999 0.21387499999999998 0.041046875 0.0367734375
1 0.5291171875 0.2641171875 0.0162265625 0.0209453125
1 0.612015625 0.11315625 0.010140625 0.0193671875
1 0.5998593750000001 0.4620703125 0.0205546875 0.033171875
1 0.5476953124999999 0.6185703124999999 0.0151796875 0.0163125
1 0.5206171875 0.5971328125 0.016578125 0.0203125
1 0.1846171875 0.2514765625 0.0164609375 0.0356015625
1 0.9913203125000001 0.0211640625 0.01528125 0.0367734375
1 0.92709375 0.0458984375 0.018765625 0.0220078125
1 0.9033906249999999 0.8775000000000001 0.035609375 0.032421875
1 0.9273515625 0.8314999999999999 0.0210234375 0.0411328125
1 0.8955781249999999 0.9866328125000001 0.051234375 0.026734374999999998
1 0.912421875 0.9128515625 0.0258828125 0.016328125
1 0.935421875 0.8998359375 0.014593749999999999 0.0215390625
1 0.55671875 0.9898281250000001 0.01934375 0.019234375
1 0.8379453124999999 0.8556640625 0.026242187500000003 0.0182734375
1 0.852359375 0.9006171875 0.009921875 0.021367187500000002
1 0.7013281250000001 0.2065546875 0.0273046875 0.0481875
1 0.723375 0.172109375 0.0193203125 0.022695312500000002
1 0.789859375 0.23493750000000002 0.0238203125 0.037234375
1 0.7995 0.2027421875 0.0239921875 0.026664062500000002
1 0.677109375 0.1938046875 0.0188046875 0.0209453125
1 0.5062890624999999 0.8113203125 0.010499999999999999 0.025062499999999998
1 0.566359375 0.8337031250000001 0.012578125 0.024703125
1 0.5062031250000001 0.7784296875 0.0120625 0.026992187499999997
1 0.279578125 0.982046875 0.0153984375 0.0297109375