0 0.1558359375 0.1457578125 0.07690625 0.1505
0 0.43715624999999997 0.1312421875 0.0829140625 0.1722578125
0 0.7833203125 0.0913203125 0.09359375 0.156859375
0 0.088265625 0.36828906250000004 0.0745703125 0.14634375
0 0.41665625000000006 0.3784140625 0.1004921875 0.156828125
0 0.7561718749999999 0.34678125 0.0978984375 0.1951171875
0 0.3762265625 0.671171875 0.132921875 0.1876484375
0 0.062875 0.6610234375 0.10192187500000001 0.1595390625
0 0.71653125 0.6940234375000001 0.085015625 0.13570312499999998
0 0.6895781249999999 0.9333984375 0.0858046875 0.1331953125
0 0.3437109375 0.9336953125 0.10109375000000001 0.1326171875
0 0.0336796875 0.8910312499999999 0.065015625 0.1508125
1 0.0135625 0.0408828125 0.0271328125 0.075515625
1 0.047640625 0.0326875 0.0167734375 0.0356875
1 0.1276171875 0.018765625 0.038046875 0.0375234375
1 0.0857265625 0.0102734375 0.02653125 0.02015625
1 0.2835546875 0.0821015625 0.15265625 0.1638203125
1 0.0481328125 0.5568984375 0.039234375 0.0450390625
1 0.069421875 0.40996875 0.0232109375 0.0421953125
1 0.04871875 0.48240625000000004 0.028687499999999998 0.034734375
1 0.0736171875 0.478109375 0.017937500000000002 0.033953125
1 0.13377343749999998 0.4530234375 0.0210546875 0.024796875
1 0.1123828125 0.5942890625 0.023203124999999998 0.02803125
1 0.1537890625 0.8455859374999999 0.0435078125 0.05796875
1 0.0669765625 0.7525546875 0.02028125 0.022296875
1 0.06590625 0.9593281250000001 0.0474296875 0.0413125
1 0.157984375 0.9786171875 0.038234375 0.0427734375
1 0.25875781249999996 0.9747109375 0.06009375 0.0505859375
1 0.20642187500000003 0.9749531250000001 0.017921875 0.0178671875
1 0.2929296875 0.8442187499999999 0.10891406249999999 0.082578125
1 0.3201796875 0.7646484375 0.055984374999999996 0.0777421875
1 0.39273437499999997 0.8860078124999999 0.023359374999999998 0.025539062499999998
1 0.371640625 0.8462734375000001 0.028046875 0.037859375
1 0.42944531250000006 0.917640625 0.0421015625 0.041921875
1 0.48861718749999994 0.9087421875 0.12528125 0.1471640625
1 0.25778124999999996 0.4604296875 0.1479765625 0.1333515625
1 0.3640234375 0.5279843750000001 0.1026484375 0.12003124999999999
1 0.3750546875 0.44471875 0.0368359375 0.0413984375
1 0.386578125 0.2662578125 0.0325390625 0.0594609375
1 0.38453125 0.33478906249999996 0.030390624999999998 0.0441953125
1 0.315390625 0.275703125 0.10304687500000001 0.22483593750000003
1 0.1784921875 0.255421875 0.03628125 0.02803125
1 0.1194140625 0.260890625 0.021640625 0.02334375
1 0.0970546875 0.2678203125 0.017937500000000002 0.0235390625
1 0.21452343749999997 0.31086718750000003 0.090765625 0.060804687499999996
1 0.2239921875 0.37071875 0.0843125 0.045734375
1 0.24293749999999997 0.22690625 0.047984375 0.096
1 0.54125 0.1547890625 0.0684453125 0.0845703125
1 0.49047656249999994 0.12607812499999999 0.037203125 0.132625
1 0.45610937500000004 0.232703125 0.0231484375 0.0255625
1 0.45044531250000003 0.2832734375 0.0235390625 0.029046875
1 0.4302265625 0.0188984375 0.07490625 0.0377890625
1 0.5021953124999999 0.014601562500000002 0.037203125 0.029203125000000003
1 0.7143828125 0.17725 0.0377578125 0.03184375
1 0.7346953125 0.2230390625 0.0236875 0.01990625
1 0.760375 0.24392968750000002 0.04575 0.01871875
1 0.8728671875 0.0284609375 0.044171875 0.0389609375
1 0.8469921875 0.074546875 0.025625 0.029562500000000002
1 0.7208281249999999 0.5318984375 0.031109375 0.080984375
1 0.8825390625 0.8262656249999999 0.0185859375 0.0232265625