0 0.1830625 0.034703125 0.06073437499999999 0.064203125
1 0.4424765625 0.1453203125 0.057257812500000005 0.085890625
0 0.43379687499999997 0.022125 0.0884921875 0.04425
0 0.17915625 0.2815390625 0.0616015625 0.085890625
0 0.43032812500000006 0.247265625 0.0832890625 0.11278906250000001
0 0.4424765625 0.4680703125 0.10410937499999999 0.144890625
0 0.698421875 0.2815390625 0.07808593750000001 0.11885937499999999
0 0.1895703125 0.562203125 0.087625 0.1214609375
0 0.7357265625 0.54615625 0.0798203125 0.09977343749999999
0 0.70015625 0.029929687500000003 0.057257812500000005 0.0581328125
1 0.69278125 0.1401171875 0.1327421875 0.1674453125
1 0.17872656250000002 0.15053125 0.07808593750000001 0.1674453125
1 0.33532812500000003 0.2771953125 0.059867187499999995 0.0928359375
1 0.272859375 0.31884375 0.0286328125 0.054656249999999997
1 0.456359375 0.35571875 0.032968750000000005 0.0468515625
1 0.15139843749999998 0.3687265625 0.059867187499999995 0.07808593750000001
1 0.181328125 0.44898437500000005 0.032968750000000005 0.0338359375
1 0.1327421875 0.4750078125 0.034703125 0.0321015625
1 0.1821953125 0.4880234375 0.0242890625 0.0321015625
1 0.009546875 0.419484375 0.0173515625 0.075484375
1 0.4641640625 0.6242421874999999 0.03990625 0.05292187499999999
1 0.41861718750000004 0.675421875 0.04771875 0.0598515625
1 0.12232812500000001 0.700578125 0.0295 0.0373046875
1 0.177859375 0.6958046875 0.0451171875 0.048585937499999995
1 0.1422890625 0.7469921875 0.048585937499999995 0.0503203125
1 0.08459375 0.7986171875 0.01475 0.0251640625
1 0.1214609375 0.8125 0.0086796875 0.0355703125
1 0.14749218749999998 0.8246484374999999 0.027765625 0.0355703125
1 0.1509609375 0.8979296874999999 0.0850234375 0.0953828125
1 0.12450000000000001 0.9768593750000001 0.0268984375 0.0433828125
1 0.2156015625 0.82415625 0.030367187499999997 0.038171875
1 0.256375 0.7066015625000001 0.0286328125 0.0633359375
1 0.28674218749999997 0.686640625 0.01128125 0.0268984375
1 0.44594531249999997 0.9129453125 0.0850234375 0.174109375
0 0.4403046875 0.9879921875000001 0.0581328125 0.0240078125
1 0.7296484375000001 0.7009609375 0.100640625 0.2082265625
1 0.67803125 0.8254609374999999 0.042515625 0.078953125
1 0.7773671875 0.8285 0.0208203125 0.059
1 0.771296875 0.9213281249999999 0.031234374999999998 0.09717187499999999
1 0.731390625 0.9829296875000001 0.090234375 0.02603125
0 0.716203125 0.881421875 0.0928359375 0.1509609375
0 0.4246875 0.7660312499999999 0.09977343749999999 0.1162578125
1 0.9719765625000001 0.8834765625 0.056046874999999996 0.2330390625
1 0.9750078125 0.559171875 0.0499765625 0.25246875
1 0.9685078125000001 0.288046875 0.06299218749999999 0.28283593749999997
1 0.98325 0.038609375 0.0334921875 0.0633359375
1 0.753078125 0.028195312500000003 0.0416484375 0.05639062500000001
1 0.6229375 0.0373046875 0.0433828125 0.03990625
1 0.529671875 0.0984765625 0.023421875 0.030367187499999997
1 0.7279140625 0.41905468749999997 0.13534375 0.15790625
1 0.67803125 0.55309375 0.0251640625 0.08935937499999999