0 0.2946875 0.6424218749999999 0.0850859375 0.110625
0 0.2885390625 0.9703125 0.07082812499999999 0.059375
0 0.662921875 0.85590625 0.0969375 0.13134375
0 0.6817656249999999 0.46180468750000003 0.1014296875 0.1751640625
0 0.325546875 0.34852343750000003 0.08429687500000001 0.12634375
0 0.7110624999999999 0.1085 0.097515625 0.185171875
1 0.360703125 0.8568515624999999 0.029609375 0.0375390625
1 0.2712578125 0.8667109375000001 0.05384375 0.0474921875
1 0.2591484375 0.7926171875 0.021812500000000002 0.030156250000000002
1 0.2786796875 0.9237265625 0.0530625 0.0365234375
1 0.3006484375 0.7777734374999999 0.024734375 0.0317265625
1 0.350546875 0.597125 0.024921875 0.047382812499999996
1 0.2896171875 0.5664765625 0.0280625 0.044664062500000004
1 0.258078125 0.578875 0.025523437500000003 0.024546875000000003
1 0.3111953125 0.503859375 0.030203124999999997 0.044437500000000005
1 0.33453125 0.48589843750000006 0.0241484375 0.031953125
1 0.291765625 0.44596875 0.028453125000000003 0.032171875
1 0.335609375 0.455046875 0.028249999999999997 0.0249375
1 0.6891953125 0.6253124999999999 0.0225234375 0.0295234375
1 0.6195703124999999 0.61271875 0.025859375 0.029726562499999998
1 0.731671875 0.6980390625 0.0156796875 0.0246015625
1 0.7185859375 0.765015625 0.0324765625 0.0452578125
1 0.6497421875 0.7386484375 0.037375000000000005 0.0511328125
1 0.3611875 0.282234375 0.06769531250000001 0.05040625
1 0.2936171875 0.24328124999999998 0.0263046875 0.040859374999999996
1 0.319203125 0.2469921875 0.018875 0.028749999999999998
1 0.3276015625 0.1811953125 0.023953125 0.0260546875
1 0.3165703125 0.07210156250000001 0.0350859375 0.0656875
1 0.2982109375 0.0205625 0.021812500000000002 0.0251015625
1 0.368421875 0.0191875 0.015742187499999998 0.0340859375
1 0.33111718749999997 0.127953125 0.015359375 0.0211328125
1 0.6709296874999999 0.3043046875 0.0231171875 0.0203203125
1 0.7112578125 0.25440625 0.0158828125 0.0435859375
1 0.6610703124999999 0.23986718749999997 0.01315625 0.024265625
1 0.654625 0.171625 0.019796875 0.034265625
1 0.9755 0.4342734375 0.0248203125 0.049796875000000004
1 0.954015625 0.54115625 0.013109375000000001 0.0369921875
1 0.8862500000000001 0.5261171874999999 0.022101562499999998 0.026460937499999997
1 0.9790156250000001 0.5584296875 0.0240390625 0.061781249999999996
1 0.9560625 0.48316406250000005 0.0152578125 0.034296875
1 0.716046875 0.3463515625 0.0156875 0.018484375
1 0.46108593750000004 0.980078125 0.0194375 0.03984375
1 0.43482031250000003 0.828640625 0.015734375000000002 0.014320312499999998