0 0.0814296875 0.1211640625 0.11949218749999999 0.1911640625
0 0.41147656250000003 0.236078125 0.09990625 0.16121875000000002
0 0.7793203125 0.31994531249999997 0.10316406250000001 0.1590234375
0 0.41821875000000003 0.61853125 0.0801796875 0.15269531249999999
0 0.0485234375 0.4999140625 0.09469531249999999 0.1400703125
0 0.398 0.9395546875 0.10030468749999999 0.1208984375
0 0.786546875 0.8199140625 0.0980859375 0.157015625
0 0.0399296875 0.9074843749999999 0.0775078125 0.1739453125
1 0.0465703125 0.254484375 0.051734375 0.0749765625
1 0.0129765625 0.272546875 0.0236171875 0.038843749999999996
1 0.048421874999999996 0.32048437500000004 0.041773437499999996 0.042921875
1 0.10682031249999999 0.2491171875 0.021843750000000002 0.0232421875
1 0.0900234375 0.28378125 0.0273125 0.0195078125
1 0.0567265625 0.37805468750000004 0.032984374999999996 0.0350234375
1 0.0586796875 0.41984374999999996 0.029078125 0.0404609375
1 0.026359375 0.3692734375 0.0249765625 0.029171875000000003
1 0.096953125 0.587984375 0.0431328125 0.0904140625
1 0.1122890625 0.5150625 0.0249609375 0.055125
1 0.0326015625 0.5766640625 0.0609140625 0.06309375
1 0.030265625 0.62675 0.0406015625 0.0363125
1 0.055359375 0.6777031250000001 0.0497734375 0.07963281250000001
1 0.0750859375 0.8325546875000001 0.030632812500000002 0.0494921875
1 0.073328125 0.9057812500000001 0.0310234375 0.04359375
1 0.11697656249999999 0.0968203125 0.026523437500000004 0.0467578125
1 0.41089062500000006 0.038984375 0.0635859375 0.0697578125
1 0.46440625 0.042398437500000004 0.045609375 0.08479687500000001
1 0.4535625 0.1249921875 0.045414062500000005 0.067953125
1 0.40650000000000003 0.1191328125 0.0333125 0.0562421875
1 0.44507031250000006 0.1889765625 0.04990625 0.0748203125
1 0.46225781250000003 0.313578125 0.04521875 0.0838046875
1 0.42651562500000006 0.3610234375 0.0323359375 0.08885156250000001
1 0.5110781249999999 0.4318203125 0.0256796875 0.0253515625
1 0.48608593750000006 0.39930468750000003 0.01475 0.04821875
1 0.49438281249999994 0.381828125 0.013765625 0.0191328125
1 0.49145312499999994 0.3469765625 0.019625 0.0295
1 0.4204609375 0.4661015625 0.117875 0.1290859375
1 0.41909375000000004 0.5295156249999999 0.0643671875 0.029343750000000002
1 0.40210937500000005 0.756921875 0.0342890625 0.0310390625
1 0.42739843750000006 0.7168046875 0.016515625 0.026960937499999997
1 0.4419453125 0.802609375 0.0202265625 0.07553125000000001
1 0.4174375 0.8365859375 0.0239375 0.057546875
1 0.43931250000000005 0.8791874999999999 0.028617187500000002 0.043140625
1 0.4692890625 0.98984375 0.02803125 0.0203125
1 0.44810156250000005 0.960609375 0.026664062500000002 0.038015625
1 0.735671875 0.9399062499999999 0.045171875 0.0669296875
1 0.79484375 0.9314140625 0.0580546875 0.079234375
1 0.723953125 0.8114375 0.021734375 0.036546875
1 0.7227812499999999 0.8559609375000001 0.0115859375 0.0162109375
1 0.72746875 0.83965625 0.013148437499999999 0.01290625
1 0.8157265625000001 0.8659687500000001 0.02346875 0.030203124999999997
1 0.775109375 0.98359375 0.0325 0.0328125
1 0.7403828125 0.985328125 0.0325078125 0.029343750000000002
1 0.7267578125 0.7490703125 0.034765625 0.0585546875
1 0.7702421875 0.57653125 0.10610937499999999 0.33328125000000003
1 0.8046171875000001 0.380625 0.0220859375 0.0282578125
1 0.7738046875 0.2391640625 0.035109375 0.0474296875
1 0.7342265625 0.196125 0.0323359375 0.037734375
1 0.8243203125 0.12446874999999999 0.049335937499999996 0.24859375
1 0.7844765625 0.145578125 0.030421874999999998 0.0772734375
1 0.753234375 0.15375 0.0234765625 0.0206875
1 0.7634765625 0.081890625 0.01965625 0.0297578125
1 0.78934375 0.07703125 0.0193046875 0.026984374999999998
1 0.782046875 0.008828125000000001 0.0255546875 0.0176484375
1 0.7763203125 0.0322578125 0.0106328125 0.0207578125
1 0.7986328125 0.0315625 0.01184375 0.0263125