0 0.24225 0.2817421875 0.0993515625 0.15684375
0 0.5927109374999999 0.379953125 0.10300000000000001 0.169671875
0 0.234640625 0.6458671875 0.0723984375 0.15267187499999998
0 0.5843125 0.8604296874999999 0.0901171875 0.1540625
0 0.21149218749999998 0.9478515625 0.0983828125 0.104296875
0 0.9285234375 0.6679140625 0.071890625 0.08935156250000001
0 0.5813828125 0.04721875 0.0959765625 0.0944296875
0 0.9476640625 0.27878125 0.088296875 0.1294375
1 0.29928125 0.0782578125 0.04934375 0.107296875
1 0.24664843749999998 0.0851015625 0.059312500000000004 0.062382812499999996
1 0.24264843749999998 0.17472656250000002 0.022015625 0.034609375
1 0.27428125 0.1658359375 0.030601562500000002 0.061750000000000006
1 0.27252343749999997 0.23203125 0.046617187500000004 0.057421875
1 0.2865859375 0.33711718749999997 0.0434921875 0.042976562499999996
1 0.2806328125 0.38651562500000003 0.05696875 0.0363125
1 0.2539765625 0.42488281250000004 0.0290390625 0.056398437499999995
1 0.33296875 0.4747734375 0.0210234375 0.025328125
1 0.30953906249999996 0.44186718750000004 0.0132109375 0.0396015625
1 0.32223437499999996 0.42303125 0.0112578125 0.0195
1 0.24762499999999998 0.5035000000000001 0.10423437499999999 0.11988281249999999
1 0.25094531249999996 0.5721406250000001 0.02884375 0.0247578125
1 0.27731249999999996 0.60396875 0.022984375 0.045429687499999996
1 0.24792187499999999 0.74525 0.01303125 0.025257812499999997
1 0.22633593749999997 0.7904453124999999 0.0343203125 0.055109375
1 0.2333671875 0.85721875 0.0249453125 0.05585156249999999
1 0.25680468749999996 0.8185625 0.0093203125 0.048843750000000005
1 0.25065624999999997 0.8975781250000001 0.0185 0.034999999999999996
1 0.19821875 0.8995312500000001 0.017140625 0.0232890625
1 0.6446640625 0.018328125 0.04284375 0.0366484375
1 0.6450546875 0.0769921875 0.043625000000000004 0.0754765625
1 0.6129296875 0.0964296875 0.020390625000000002 0.0459765625
1 0.6407578125 0.15015625 0.03503125 0.049921875
1 0.5847109374999999 0.1593359375 0.020585937500000002 0.025312499999999998
1 0.6092187499999999 0.1530859375 0.0246875 0.028445312499999997
1 0.629140625 0.2075625 0.0332734375 0.039734375
1 0.5878359375 0.2234765625 0.042460937500000004 0.057882812500000005
1 0.6283593749999999 0.2577421875 0.02390625 0.050249999999999996
1 0.57640625 0.2883046875 0.0215703125 0.023484375
1 0.6075625 0.269203125 0.0155078125 0.026296874999999997
1 0.6266953125 0.307671875 0.03815625 0.0290078125
1 0.5213359375 0.3731796875 0.012984375000000001 0.021359375
1 0.5820703125 0.4657578125 0.013367187499999999 0.06784375000000001
1 0.6054140625 0.4715234375 0.0151171875 0.057882812500000005
1 0.5730859374999999 0.6662421875 0.1063203125 0.2274765625
1 0.5599062499999999 0.52609375 0.053015625 0.051796875
1 0.6126328125 0.5168203124999999 0.0491015625 0.054734375
1 0.5344218749999999 0.9708046875 0.0430546875 0.0583984375
1 0.5736718749999999 0.9441171875000001 0.0239140625 0.030406250000000003
1 0.57475 0.97959375 0.028015625 0.0408203125
1 0.6022890624999999 0.9773046875 0.024492187500000002 0.026492187499999997
1 0.6015078125 0.9190234374999999 0.0229296875 0.036875000000000005
1 0.52778125 0.7946484375 0.021968750000000002 0.0263984375
1 0.5264140625 0.8454140625000001 0.015328125000000001 0.026375
1 0.5280703124999999 0.8785078125 0.0088828125 0.016390625
1 0.93253125 0.15562499999999999 0.017015625 0.029617187499999996
1 0.9520625 0.1486015625 0.009203125 0.0233671875
1 0.9291171874999999 0.014781250000000001 0.0238515625 0.021351562499999997
1 0.9631953125000001 0.0193671875 0.0275546875 0.0387265625
1 0.928625 0.049921875 0.009203125 0.013523437499999999
1 0.9758906250000001 0.175609375 0.0177890625 0.0266015625
1 0.9461015625 0.18058593750000002 0.0148671875 0.022890625
1 0.9587031250000001 0.3704453125 0.014671875000000001 0.039320312499999996
1 0.973546875 0.4317578125 0.0209140625 0.0291328125
1 0.9095859374999999 0.47728125 0.0316640625 0.024492187500000002
1 0.90196875 0.506671875 0.02815625 0.026625
1 0.9317500000000001 0.483234375 0.015453125000000002 0.042257812500000005
1 0.9631953125000001 0.5229609375 0.0197421875 0.10803125
1 0.9249140625000001 0.5501171874999999 0.029125 0.0334296875
1 0.9028437500000001 0.5620234375 0.027960937499999998 0.029906250000000002
1 0.940828125 0.5943359375 0.0394765625 0.049609375
1 0.8819531250000001 0.6868671875000001 0.0291328125 0.02178125
1 0.893765625 0.7657421875 0.0664296875 0.07796875
1 0.84884375 0.7895703125 0.0156640625 0.01625
1 0.86190625 0.937734375 0.025546875000000004 0.029640624999999997
1 0.8621640625 0.8504375 0.0139140625 0.018234375
1 0.8771796875 0.83290625 0.021374999999999998 0.021367187500000002
1 0.901921875 0.851125 0.027445312500000003 0.040445312500000004
1 0.9257890625 0.8856640625000001 0.021367187500000002 0.029664062499999998
1 0.96796875 0.8280468750000001 0.0189296875 0.025539062499999998
1 0.9242265625 0.9304453125000001 0.042546875 0.0497734375
1 0.8990546875 0.9518828125000001 0.030398437499999997 0.0318828125
1 0.8813437499999999 0.9878515625000001 0.0366484375 0.024304687499999998
1 0.9442734375 0.9773046875 0.0218828125 0.0185078125
1 0.9191953125 0.9773046875 0.008179687500000001 0.032390625
1 0.94903125 0.8450234375000001 0.0168203125 0.0333984375
1 0.8716953125 0.720703125 0.018390625 0.034765625
1 0.6759140625 0.28225 0.01159375 0.0152890625
1 0.3013359375 0.16539062499999999 0.0202421875 0.0413203125