0 0.051375000000000004 0.049093750000000005 0.10275000000000001 0.09818750000000001
0 0.022265625 0.6530546875 0.0445234375 0.116453125
0 0.2877109375 0.760375 0.09133593749999999 0.146140625
0 0.3116875 0.45953906250000004 0.10503906249999999 0.165546875
0 0.3624921875 0.10503906249999999 0.11303125 0.178109375
0 0.6736015625 0.1524140625 0.079921875 0.119875
0 0.5993906250000001 0.8031874999999999 0.084484375 0.145
0 0.9486874999999999 0.80090625 0.1026171875 0.1564140625
0 0.978375 0.45610937500000004 0.04325 0.135859375
0 0.0313984375 0.381328125 0.062796875 0.18267187499999998
1 0.2077890625 0.04509375 0.0433828125 0.0879140625
1 0.24375 0.01484375 0.030828125 0.0296875
1 0.009703125 0.12330468750000001 0.01940625 0.050234375
1 0.055374999999999994 0.19523437500000002 0.0422421875 0.045671875
1 0.015984375000000002 0.24889062499999998 0.031968750000000004 0.09818750000000001
1 0.05194531249999999 0.2865703125 0.0445234375 0.06621875
1 0.0599375 0.5057734375 0.0239765625 0.03653125
1 0.022265625 0.53603125 0.0422421875 0.145
1 0.0068515625 0.74325 0.013703125 0.03653125
1 0.343078125 0.2534609375 0.131296875 0.13015625
1 0.3425078125 0.3453671875 0.082203125 0.0582265625
1 0.368203125 0.442984375 0.037679687499999996 0.16440625
1 0.2568828125 0.588546875 0.0730703125 0.135859375
1 0.34878906249999997 0.5868359375 0.0399609375 0.11873437499999999
1 0.3390859375 0.6913046875 0.038820312499999995 0.07878125
1 0.255171875 0.9298515625 0.1153125 0.14029687500000002
1 0.24260937500000002 0.8230703125 0.0468125 0.079921875
1 0.3288125 0.8310625 0.050234375 0.10275000000000001
1 0.33965625 0.754 0.0422421875 0.0468125
1 0.2951328125 0.859609375 0.026257812499999998 0.0433828125
1 0.2277734375 0.7420078125 0.030828125 0.082203125
1 0.1672578125 0.57875 0.051375000000000004 0.052515624999999996
1 0.10789062499999999 0.5621953125 0.035390624999999995 0.051375000000000004
1 0.17296875 0.6455390624999999 0.037679687499999996 0.030828125
1 0.1958046875 0.299125 0.0285390625 0.0707890625
1 0.165546875 0.089625 0.03425 0.049093750000000005
1 0.2694453125 0.07192968749999999 0.03425 0.0616484375
1 0.36991406250000003 0.0154140625 0.1096015625 0.030828125
1 0.41614843749999997 0.050234375 0.033109375 0.0433828125
1 0.41158593750000005 0.14557031250000002 0.037679687499999996 0.051375000000000004
1 0.3944609375 0.1838125 0.033109375 0.0411015625
1 0.3008359375 0.1683984375 0.030828125 0.069640625
1 0.21978124999999998 0.23633593749999998 0.0285390625 0.057085937499999996
1 0.6559062499999999 0.047953125 0.0422421875 0.09590625
1 0.6975781249999999 0.07421093749999999 0.045671875 0.03425
1 0.7135625 0.021124999999999998 0.059367187499999995 0.037679687499999996
1 0.718703125 0.123875 0.0399609375 0.067359375
1 0.64278125 0.11588281250000002 0.013703125 0.05365625
1 0.637640625 0.2009375 0.035390624999999995 0.038820312499999995
1 0.727265625 0.2140703125 0.0251171875 0.0422421875
1 0.67703125 0.28028906249999996 0.10046875 0.11303125
1 0.6490546875 0.39103125 0.097046875 0.1061796875
1 0.59825 0.4766640625 0.047953125 0.0399609375
1 0.64734375 0.47494531249999994 0.047953125 0.0616484375
1 0.6650390625 0.562859375 0.051375000000000004 0.047953125
1 0.605671875 0.548015625 0.0605078125 0.0890546875
1 0.5759921875 0.6125234374999999 0.0605078125 0.049093750000000005
1 0.641640625 0.6736015625 0.0730703125 0.116453125
1 0.577703125 0.6970078125 0.045671875 0.1221640625
1 0.657046875 0.8003359375000001 0.0216953125 0.0936171875
1 0.657625 0.8568515624999999 0.018265625 0.030828125
1 0.575421875 0.8899609375 0.0296875 0.01940625
1 0.5771328125 0.9293437499999999 0.0239765625 0.0296875
1 0.6347890625 0.9008046875 0.031968750000000004 0.045671875
1 0.6199453125 0.9681015625 0.057085937499999996 0.0638046875
1 0.6005390625 0.9145078124999999 0.0228359375 0.03653125
1 0.92478125 0.9384140625 0.10503906249999999 0.123171875
1 0.8905312500000001 0.8414375 0.0296875 0.0753515625
1 0.902515625 0.755234375 0.0445234375 0.07192968749999999
1 0.9744453125 0.723265625 0.037679687499999996 0.0468125
1 0.923640625 0.6210859375 0.079921875 0.11873437499999999
1 0.9864296875 0.5976796875 0.0228359375 0.037679687499999996
1 0.9299140625 0.5006406250000001 0.0399609375 0.10846093750000001
1 0.9658125 0.3116875 0.06836718750000001 0.1438515625
1 0.9413359375000001 0.3956015625 0.033109375 0.069640625
1 0.9207812499999999 0.21349999999999997 0.0216953125 0.047953125
1 0.9698125 0.021124999999999998 0.060375 0.0422421875
1 0.9829375 0.0890546875 0.0341171875 0.0707890625
0 0.9920703124999999 0.1735390625 0.0158515625 0.059367187499999995
1 0.9470468750000001 0.12330468750000001 0.033109375 0.0411015625
1 0.9419062500000001 0.1746796875 0.0273984375 0.052515624999999996
1 0.765515625 0.0679296875 0.037679687499999996 0.09475781250000001
1 0.18267187499999998 0.981796875 0.0433828125 0.036398437500000005