0 0.404984375 0.33284375 0.067 0.11021875
0 0.7608125 0.2387109375 0.09896875000000001 0.1641953125
0 0.7500703125 0.5562109375000001 0.0892109375 0.166328125
0 0.3592890625 0.681375 0.07716406249999999 0.1314921875
0 0.7213671875000001 0.894390625 0.09038281249999999 0.15519531250000002
0 0.33702343749999997 0.96015625 0.087328125 0.0796875
1 0.35875 0.026687499999999996 0.025703125 0.017828125
1 0.45025000000000004 0.20163281249999998 0.0270546875 0.0317890625
1 0.43716406250000006 0.251625 0.012609375 0.030195312499999998
1 0.40923437500000004 0.4161015625 0.02315625 0.0271171875
1 0.3236015625 0.4083828125 0.0100859375 0.0253671875
1 0.3688125 0.3965703125 0.016523437499999998 0.0193203125
1 0.3738828125 0.5635390625000001 0.05792968750000001 0.101296875
1 0.326625 0.5245 0.02590625 0.0466484375
1 0.3853125 0.501265625 0.016328125 0.01971875
1 0.35875 0.48671875 0.025703125 0.023828125
1 0.320859375 0.7944140625 0.028054687499999998 0.035703125
1 0.38071875 0.8074999999999999 0.0208203125 0.026710937499999997
1 0.0489140625 0.194875 0.025171875 0.0338828125
1 0.47367968749999995 0.0438671875 0.0192421875 0.0365625
0 0.42358593750000006 0.03225 0.0538203125 0.06449218749999999
1 0.834984375 0.031375 0.0230859375 0.027203125
1 0.8176015624999999 0.013117187499999999 0.015671875 0.026234374999999997
1 0.7482656249999999 0.021609375 0.0215390625 0.023304687499999997
1 0.7785390624999999 0.6457265624999999 0.023484375 0.0566796875
1 0.7698515625 0.711234375 0.047117187500000005 0.0646484375
1 0.9686562500000001 0.808953125 0.0619296875 0.078453125
1 0.752859375 0.8324843749999999 0.040484375 0.0610625
1 0.6622421875 0.8822734375 0.031125000000000003 0.0551796875
1 0.6868515625 0.9443671874999999 0.0256484375 0.030929687500000004
1 0.0387578125 0.8655546875000001 0.020484375 0.033460937499999996
1 0.3433203125 0.36009375 0.0221953125 0.03815625
1 0.7009140625 0.7564765625 0.014710937499999998 0.0262265625
1 0.7397734375 0.707171875 0.01040625 0.023328124999999998
1 0.6899765625 0.6176484375 0.016273437499999998 0.018109375
1 0.41333593750000003 0.9045781249999999 0.011828125 0.015796875
1 0.30767968749999997 0.871484375 0.015359375 0.0101484375
1 0.2681328125 0.9770156249999999 0.01634375 0.016140625