0 0.0296875 0.240625 0.059375 0.165625
0 0.32734375 0.19453125 0.0828125 0.1328125
1 0.053125 0.421875 0.059375 0.0875
1 0.046875 0.75546875 0.05625 0.0953125
0 0.3266875 0.5484375 0.0852890625 0.13274999999999998
0 0.6014609375 0.43162500000000004 0.0978984375 0.1527734375
0 0.31853125000000004 0.904046875 0.0986328125 0.15425781249999998
0 0.6166640625 0.770921875 0.09567187499999999 0.1683515625
0 0.9073828125000001 0.7798203125 0.10901562499999999 0.15796875
0 0.9005546875 0.447203125 0.11464062500000001 0.19896875
0 0.9005546875 0.232125 0.11274999999999999 0.1686484375
0 0.6210546875 0.07153125 0.1089609375 0.1430625
1 0.027476562500000003 0.8394453125 0.054953125000000005 0.31834375000000004
0 0.02084375 0.6115859375 0.0416875 0.135484375
1 0.0326875 0.4993125 0.0615859375 0.08527343750000001
1 0.3102890625 0.7248046875 0.067265625 0.21412499999999998
1 0.313609375 0.9884140625000001 0.056843750000000005 0.023171875
1 0.6101640625 0.9268281249999999 0.09474218749999999 0.14634375
1 0.3245 0.37140625 0.1089609375 0.2236015625
1 0.6267421875 0.2506015625 0.0767421875 0.209390625
1 0.307453125 0.062054687500000004 0.1184296875 0.1241171875
1 0.3875078125 0.1520703125 0.02653125 0.05021875
1 0.072953125 0.24396874999999998 0.01515625 0.0426328125
1 0.05021875 0.0838515625 0.0378984375 0.0407421875
1 0.00615625 0.0810078125 0.0123203125 0.0426328125
1 0.025578125 0.1212734375 0.0170546875 0.0227421875
1 0.0213203125 0.009 0.0426328125 0.018
1 0.6532734375 0.0123203125 0.0426328125 0.0246328125
1 0.8266562499999999 0.0942734375 0.0085234375 0.029375000000000002
1 0.8872890625000001 0.093328125 0.052109375 0.09569531249999999
1 0.9313515625000001 0.0738984375 0.0644296875 0.132640625
1 0.9157187499999999 0.6276875000000001 0.09190625 0.16011718749999998
1 0.8806328125 0.9148671875 0.027976562500000003 0.049335937499999996
1 0.9369531249999999 0.933640625 0.028718749999999998 0.025031249999999998
1 0.950578125 0.9814999999999999 0.017671875 0.0323984375
1 0.589046875 0.5297734375 0.0323984375 0.0405
1 0.6486875000000001 0.5728515625 0.019140625 0.053015625
1 0.6115078125 0.638015625 0.0684765625 0.081734375