0 0.10789062499999999 0.05365625 0.12444531249999999 0.1073203125
0 0.07478125 0.37790625 0.10389843750000001 0.2214921875
0 0.050234375 0.8334453125 0.09818750000000001 0.24660937500000002
0 0.47894531249999994 0.5976796875 0.1107421875 0.197515625
0 0.4526875 0.9184374999999999 0.11303125 0.1631328125
0 0.5109140625 0.024546875000000003 0.0582265625 0.049093750000000005
0 0.9292812500000001 0.1626953125 0.1414375 0.22035156250000001
0 0.8996640625 0.5919765625 0.1096015625 0.20207812500000003
0 0.876828125 0.932703125 0.12786718749999998 0.1345859375
1 0.47894531249999994 0.3179609375 0.035390624999999995 0.05365625
1 0.4852265625 0.17867968750000002 0.0433828125 0.065078125
1 0.5120546874999999 0.14328125 0.033109375 0.051375000000000004
1 0.5605781249999999 0.19637500000000002 0.03425 0.047953125
1 0.4949296875 0.2563125 0.0285390625 0.0901953125
1 0.5291796875 0.2557421875 0.01940625 0.0411015625
1 0.5257578125 0.32253125 0.033109375 0.0605078125
1 0.47837500000000005 0.37390625 0.0411015625 0.062796875
1 0.47494531249999994 0.46410156249999995 0.050234375 0.05365625
1 0.53603125 0.43556249999999996 0.0445234375 0.049093750000000005
1 0.2677265625 0.528609375 0.14728125 0.180390625
1 0.2643046875 0.41215624999999995 0.037679687499999996 0.054804687500000004
1 0.17296875 0.3459375 0.07421093749999999 0.079921875
1 0.1695390625 0.25973437499999996 0.0216953125 0.0422421875
1 0.171828125 0.1695390625 0.0468125 0.0468125
1 0.1221640625 0.191234375 0.038820312499999995 0.0468125
1 0.062226562500000006 0.24146874999999998 0.0468125 0.05365625
1 0.1033203125 0.24775 0.026257812499999998 0.031968750000000004
1 0.0685 0.54915625 0.0411015625 0.059367187499999995
1 0.154703125 0.54459375 0.069640625 0.052515624999999996
1 0.1221640625 0.5834140624999999 0.047953125 0.050234375
1 0.1969453125 0.6467734375 0.062796875 0.07192968749999999
1 0.1153125 0.6998671875 0.0411015625 0.057085937499999996
1 0.03425 0.631359375 0.0685 0.050234375
1 0.1809609375 0.836296875 0.049093750000000005 0.049093750000000005
1 0.1210234375 0.8243124999999999 0.0433828125 0.0411015625
1 0.10446875 0.9589453125 0.026257812499999998 0.0685
1 0.20950000000000002 0.8887265624999999 0.037679687499999996 0.065078125
1 0.3510703125 0.8310703125 0.0239765625 0.050234375
1 0.0936171875 0.517765625 0.0273984375 0.033109375
1 0.18267187499999998 0.45039843749999997 0.038820312499999995 0.0605078125
1 0.14842187499999998 0.47780468750000005 0.0296875 0.0445234375
1 0.334515625 0.0154140625 0.0616484375 0.0239765625
1 0.5120546874999999 0.079921875 0.030828125 0.050234375
1 0.46125 0.10103906250000001 0.0273984375 0.0445234375
1 0.522328125 0.7917734375000001 0.0399609375 0.0582265625
1 0.5274687499999999 0.7169921875 0.0411015625 0.054804687500000004
1 0.4521171875 0.7152734374999999 0.050234375 0.0605078125
1 0.5337500000000001 0.857421875 0.035390624999999995 0.045671875
1 0.9567500000000001 0.934484375 0.0251171875 0.037679687499999996
1 0.981796875 0.409296875 0.036398437500000005 0.0582265625
1 0.968734375 0.0199765625 0.0239765625 0.035390624999999995