0 0.21789062499999998 0.0409453125 0.075625 0.0818828125
0 0.1919140625 0.2473203125 0.0650859375 0.1094921875
0 0.1596953125 0.4689375 0.0764140625 0.11287499999999999
0 0.1178984375 0.72003125 0.06314062499999999 0.1228828125
0 0.10110156249999999 0.9572265625 0.0686171875 0.085546875
0 0.3385859375 0.95625 0.12169531250000001 0.0875
0 0.3723671875 0.76475 0.0916171875 0.1302734375
0 0.3961953125 0.492765625 0.068953125 0.0902109375
0 0.430765625 0.24184375 0.10606249999999999 0.1516875
0 0.4678671875 0.029625000000000002 0.1068359375 0.0545546875
0 0.69265625 0.21275781249999998 0.10718749999999999 0.147390625
0 0.6737109375 0.4747890625 0.08882812500000001 0.148015625
0 0.9207578125 0.8242968749999999 0.1102734375 0.1361015625
0 0.93384375 0.5849140625 0.0934765625 0.14951562499999999
0 0.9678281249999999 0.30355468750000003 0.059875 0.1063359375
0 0.9865234375 0.043679687499999995 0.026953125 0.0826640625
1 0.0940703125 0.524 0.0701796875 0.1214375
1 0.0833359375 0.6435 0.0447890625 0.0948125
1 0.1354765625 0.6497499999999999 0.027984375 0.0604375
1 0.0755234375 0.777046875 0.044796875 0.14315625
1 0.0497421875 0.97578125 0.040109375 0.0484375
1 0.1151640625 0.8307578124999999 0.0342421875 0.0513515625
1 0.380765625 0.5773125 0.08107031249999999 0.06790625
1 0.394828125 0.6774765625 0.0779375 0.0924453125
1 0.33409374999999997 0.876640625 0.0306875 0.06889843749999999
1 0.4774375 0.981640625 0.0439453125 0.03671875
1 0.45303125 0.10400781249999999 0.0615234375 0.105671875
1 0.376671875 0.8504765624999999 0.0455234375 0.07125781249999999
1 0.590125 0.8176718749999999 0.0466640625 0.06815625
1 0.6274296875 0.780765625 0.047046875 0.076375
1 0.6760625 0.6690625 0.0403984375 0.21233593750000002
1 0.6512578125 0.591171875 0.0400078125 0.0682890625
1 0.62840625 0.7091093749999999 0.02946875 0.054156249999999996
1 0.67234375 0.8170781249999999 0.05094531249999999 0.1099375
1 0.6500781250000001 0.9328125 0.0923515625 0.134375
1 0.9129531249999999 0.95234375 0.1102734375 0.0953125
1 0.9279296875 0.7014921875 0.144140625 0.0975078125
1 0.9865234375 0.6067890625000001 0.026953125 0.099515625
1 0.9164687499999999 0.4458984375 0.047 0.105859375
1 0.97578125 0.41621874999999997 0.0484375 0.0933828125
1 0.9182265624999999 0.33675781250000003 0.046609374999999995 0.071171875
1 0.9591796875 0.1715625 0.081640625 0.12359374999999999
1 0.6649296875 0.3513984375 0.0282890625 0.0574921875
1 0.7221484375 0.3396796875 0.045078125000000004 0.096546875
1 0.7588671875 0.0374375 0.0403828125 0.0389296875
1 0.6881640625000001 0.073359375 0.047421875 0.0795234375
1 0.433109375 0.42793749999999997 0.045125 0.0855625
1 0.1218046875 0.411734375 0.0397109375 0.0492578125