0 0.15584375 0.0496640625 0.0764921875 0.099328125
0 0.1564140625 0.3271015625 0.084484375 0.1564140625
0 0.14157031250000002 0.6667578125 0.09133593749999999 0.1438515625
0 0.1746796875 0.9766640625 0.038820312499999995 0.0466640625
0 0.11873437499999999 0.951546875 0.038820312499999995 0.0968984375
0 0.411015625 0.92471875 0.10503906249999999 0.1505625
0 0.7266953125 0.934421875 0.0924765625 0.13115625
0 0.41272656249999995 0.6485000000000001 0.08334375000000001 0.1438515625
0 0.7341171875 0.651921875 0.086765625 0.13015625
0 0.3990234375 0.289421875 0.08562499999999999 0.1221640625
0 0.729546875 0.35564062500000004 0.0685 0.1107421875
0 0.411015625 0.054234375 0.06393750000000001 0.07878125
0 0.7192734375 0.0890546875 0.0730703125 0.1073203125
1 0.1723984375 0.1735390625 0.031968750000000004 0.16212500000000002
1 0.2066484375 0.3231015625 0.020546875 0.0730703125
1 0.1798203125 0.3933203125 0.035390624999999995 0.0445234375
1 0.14842187499999998 0.539453125 0.0730703125 0.11759375000000001
1 0.1735390625 0.7478125 0.031968750000000004 0.0433828125
1 0.12330468750000001 0.8134609375 0.03425 0.0605078125
1 0.1615546875 0.8882421875000001 0.0605078125 0.1255859375
1 0.4469765625 0.8545624999999999 0.0239765625 0.062796875
1 0.40872656249999995 0.8345859375 0.031968750000000004 0.0228359375
1 0.3761875 0.7900625 0.0216953125 0.0411015625
1 0.4321328125 0.7854921874999999 0.051375000000000004 0.0411015625
1 0.4521171875 0.7038593750000001 0.0296875 0.049093750000000005
1 0.48293749999999996 0.752953125 0.038820312499999995 0.0285390625
1 0.40016406250000003 0.5326015625 0.0422421875 0.07878125
1 0.46410156249999995 0.54915625 0.0422421875 0.0433828125
1 0.46010937500000004 0.3733359375 0.03425 0.06621875
1 0.396171875 0.393890625 0.038820312499999995 0.0296875
1 0.42928125 0.49664062500000006 0.0433828125 0.0936171875
1 0.458390625 0.16611718749999999 0.0216953125 0.033109375
1 0.48693749999999997 0.17753125 0.0239765625 0.0445234375
1 0.458390625 0.24260937500000002 0.0399609375 0.0559453125
1 0.41272656249999995 0.199796875 0.037679687499999996 0.047953125
1 0.47209375 0.054234375 0.037679687499999996 0.0468125
1 0.7717890625 0.067359375 0.0433828125 0.111890625
1 0.7689375 0.1969453125 0.049093750000000005 0.101609375
1 0.671890625 0.1392890625 0.037679687499999996 0.086765625
1 0.699296875 0.2100703125 0.030828125 0.0433828125
1 0.6656093750000001 0.210640625 0.020546875 0.026257812499999998
1 0.6798828125 0.3973125 0.026257812499999998 0.0433828125
1 0.6958671875 0.4840859375 0.030828125 0.0411015625
1 0.761515625 0.43384375000000003 0.03425 0.059367187499999995
1 0.7695078125 0.3156796875 0.03653125 0.065078125
1 0.66846875 0.33109375 0.0216953125 0.0411015625
1 0.67303125 0.543453125 0.026257812499999998 0.0411015625
1 0.756953125 0.5622890625 0.10046875 0.0605078125
1 0.678171875 0.6673281249999999 0.0296875 0.07421093749999999
1 0.760375 0.819171875 0.07763281250000001 0.0582265625
1 0.80090625 0.9264921875000001 0.05365625 0.065078125
1 0.6696093750000001 0.8893906250000001 0.035390624999999995 0.045671875
1 0.7032890625 0.8665546875000001 0.0433828125 0.03425