0 0.4475625 0.0829140625 0.0974609375 0.12599218750000002
0 0.454984375 0.43282031249999997 0.0732421875 0.091421875
0 0.454390625 0.715734375 0.0994140625 0.16896093750000002
0 0.455765625 0.9689453125 0.0591796875 0.062109375
0 0.7135546875000001 0.755171875 0.10600781249999999 0.1619140625
0 0.7145312500000001 0.48045312500000004 0.08842968749999999 0.1710546875
0 0.6877734375 0.1862109375 0.070078125 0.094296875
0 0.9748046875 0.14266406250000002 0.050390625 0.128296875
0 0.9640625 0.4790859375 0.071875 0.16441406249999999
0 0.9748046875 0.7659140625 0.050390625 0.1404296875
0 0.10871875 0.5862812500000001 0.08775 0.12491406249999999
0 0.10989062499999999 0.29378906250000003 0.08228125 0.1258671875
1 0.0979765625 0.0581171875 0.12173437499999999 0.116234375
1 0.0530625 0.1778046875 0.1053359375 0.151703125
1 0.14778125 0.153796875 0.056499999999999995 0.11540625
1 0.1823515625 0.416203125 0.06576562500000001 0.21834375
1 0.056382812500000004 0.388859375 0.045578125000000004 0.2574140625
1 0.115359375 0.4255859375 0.09321874999999999 0.1277421875
1 0.166921875 0.68684375 0.0692734375 0.1268046875
1 0.0878203125 0.6874296875 0.0733046875 0.116265625
1 0.0761015625 0.8693359375 0.11236718750000001 0.261328125
1 0.1628203125 0.790921875 0.0579453125 0.06543750000000001
1 0.1673125 0.92403125 0.0606796875 0.1519375
1 0.440140625 0.8364140624999999 0.1060546875 0.058773437500000004
1 0.4461953125 0.940625 0.0595703125 0.11875
1 0.4411171875 0.601328125 0.057234375000000004 0.0885859375
1 0.397953125 0.24046875 0.052945312499999994 0.241875
1 0.4516640625 0.27424218749999996 0.038859375 0.2742734375
1 0.7198046875 0.9416015625 0.0872578125 0.116796875
1 0.791671875 0.8840546874999999 0.0435 0.060304687499999995
1 0.72859375 0.8524296874999999 0.0384375 0.051734375
1 0.7242968750000001 0.6171328125 0.06889843749999999 0.1163046875
1 0.3776484375 0.0334296875 0.0435703125 0.06685156249999999
1 0.714921875 0.0650546875 0.1126484375 0.1301015625
1 0.6924609375 0.35384375 0.063828125 0.05846875
1 0.7143359375 0.2722265625 0.045078125000000004 0.059296875000000006
1 0.9715390625 0.24274218749999998 0.055578125 0.074546875
1 0.9904296875 0.344859375 0.019140625 0.07956250000000001
1 0.973828125 0.028937499999999998 0.05234375 0.0492890625
1 0.9865234375 0.6348046875 0.026953125 0.139921875
1 0.98359375 0.9259765625 0.0328125 0.148046875