0 0.49424999999999997 0.0667265625 0.10189062499999998 0.133453125
0 0.0814453125 0.115265625 0.07763281250000001 0.082765625
0 0.8417656250000001 0.21076562499999998 0.0692421875 0.14876562499999998
0 0.46846875 0.44917187500000005 0.09274218749999999 0.13896875
0 0.817546875 0.5249296875 0.1033984375 0.1320078125
0 0.044734375 0.46078125 0.077859375 0.090765625
0 0.4443671875 0.875140625 0.09810156249999999 0.10028125000000002
1 0.08021875 0.281640625 0.1265078125 0.2503359375
1 0.160796875 0.23692968749999999 0.042125 0.047078125
1 0.153765625 0.1333828125 0.052617187499999996 0.072125
1 0.09584375 0.0368359375 0.1398984375 0.0736640625
1 0.038015625 0.1380390625 0.01665625 0.022265625
1 0.13957031250000002 0.0884921875 0.035734375 0.0186484375
1 0.09260937500000001 0.45308593750000004 0.040773437499999995 0.081171875
1 0.0848828125 0.528671875 0.061781249999999996 0.0604765625
1 0.06657031249999999 0.72453125 0.1303515625 0.32717968750000004
0 0.028726562500000004 0.9215312499999999 0.05745312500000001 0.11180468750000001
1 0.059710937500000005 0.9644999999999999 0.0774140625 0.0710078125
1 0.0812421875 0.89940625 0.0371328125 0.05194531249999999
1 0.0123203125 0.9879374999999999 0.020828125 0.0241328125
1 0.476171875 0.9731796875000001 0.0526875 0.0536484375
1 0.5003046875 0.8876953125 0.02109375 0.02678125
1 0.47547656250000003 0.740125 0.0582421875 0.1326796875
1 0.42895312499999994 0.774328125 0.034640625 0.05871875
1 0.42209375 0.7030859375 0.04696875 0.0401875
1 0.41879687499999996 0.8349921874999999 0.023015625 0.0220625
1 0.41125 0.6245937500000001 0.0270078125 0.078703125
1 0.46375781250000003 0.5777265625 0.033078125 0.10303124999999999
1 0.5068984375000001 0.566984375 0.013453125 0.0259765625
1 0.42513281249999996 0.533828125 0.040890625 0.03259375
1 0.44145312499999995 0.296 0.059640625 0.0968671875
1 0.4904921875 0.1614140625 0.1018125 0.07455468750000001
1 0.4901484375 0.22154687499999998 0.051125 0.0972578125
1 0.507421875 0.298875 0.0110234375 0.024492187500000002
1 0.512890625 0.3935 0.01675 0.0383828125
1 0.4284296875 0.46343750000000006 0.037078125 0.07062500000000001
1 0.5067265625 0.458578125 0.0235234375 0.040078125
1 0.8401171875 0.0666015625 0.0982890625 0.1332109375
1 0.92553125 0.0391953125 0.0260546875 0.0381171875
1 0.8407265625000001 0.309375 0.01096875 0.029867187499999996
1 0.815640625 0.3520703125 0.025031249999999998 0.0249765625
1 0.83725 0.41883593750000003 0.0456875 0.061281249999999995
1 0.8518359375 0.360171875 0.0123515625 0.0550625
1 0.8617265625 0.570359375 0.0495 0.0691875
1 0.8311718750000001 0.7255078125 0.14810937500000002 0.17115625
1 0.8599062500000001 0.6331015625 0.033703125 0.043640625
1 0.7749296875 0.6220859375 0.0217421875 0.0268125
1 0.8124296875000001 0.6036875 0.013398437499999999 0.017796875
1 0.7470703125 0.7935078125 0.023304687499999997 0.0328515625
1 0.7534921875 0.8489609375 0.025734374999999997 0.034375
1 0.867890625 0.919875 0.042726562499999995 0.12065624999999999
1 0.7880390625 0.934984375 0.0496875 0.13003125
1 0.83690625 0.9883671875 0.0241640625 0.023265625
1 0.836125 0.8300703125 0.0729453125 0.043476562499999996
1 0.8151171875 0.8717265624999999 0.027460937499999998 0.0365078125