0 0.13704687499999998 0.1261171875 0.0949296875 0.151203125
0 0.47330468750000004 0.041609375 0.09035937499999999 0.0828671875
0 0.10302343750000001 0.327796875 0.08938281249999999 0.13094531250000002
0 0.453515625 0.3076640625 0.07856250000000001 0.15178125
0 0.076546875 0.65065625 0.10067187500000001 0.15340625000000002
0 0.409859375 0.565359375 0.07978125 0.14078125
0 0.0335859375 0.8713749999999999 0.067171875 0.13303125
0 0.36784374999999997 0.9532109375 0.092984375 0.0935703125
0 0.71121875 0.944484375 0.0713984375 0.10389062499999999
0 0.748890625 0.6758359375 0.0668828125 0.11000000000000001
0 0.75496875 0.36796875 0.061671875 0.058499999999999996
0 0.454640625 0.30772656249999997 0.079078125 0.1567734375
0 0.795765625 0.127734375 0.0425703125 0.0759453125
1 0.7626953125 0.907578125 0.026773437500000004 0.0370234375
1 0.6763281250000001 0.8765078125000001 0.0189765625 0.02003125
1 0.7026328125 0.8640078125 0.024703125 0.036703124999999996
1 0.708359375 0.765 0.0326875 0.02790625
1 0.7431640625 0.7665625 0.0102890625 0.020617187500000002
1 0.0904375 0.8948124999999999 0.0451171875 0.0653203125
1 0.025515624999999997 0.7052890625 0.040265625 0.0404375
1 0.036625000000000005 0.769421875 0.013875000000000002 0.024609375
1 0.12698437499999998 0.7524140625 0.0192421875 0.025312499999999998
1 0.1077109375 0.7174375000000001 0.0188984375 0.0300234375
1 0.0546796875 0.7564062500000001 0.015265625 0.0298203125
1 0.76390625 0.61509375 0.018789062500000002 0.0579609375
1 0.7886484375 0.6228125 0.0318046875 0.0438984375
1 0.8139062499999999 0.6520625 0.0146171875 0.017328125
1 0.7228515625 0.571265625 0.02175 0.041499999999999995
1 0.7431640625 0.571265625 0.017234375 0.041499999999999995
1 0.7490703125 0.4244296875 0.0290390625 0.0672734375
1 0.7698984375 0.2917734375 0.05680468749999999 0.062359374999999995
1 0.8115625 0.3106953125 0.015140625 0.0203515625
1 0.8122578125000001 0.34384375 0.037359375 0.0276171875
1 0.8001015625000001 0.3848046875 0.02 0.0331484375
1 0.8204140625 0.3995546875 0.015484375 0.0244609375
1 0.23000781250000002 0.3977890625 0.115921875 0.22926562499999997
1 0.0830625 0.445984375 0.0321015625 0.03571875
1 0.08202343749999999 0.40276562499999996 0.023070312500000002 0.029148437500000002
1 0.15528124999999998 0.4036328125 0.0306953125 0.0343515625
1 0.10310937499999999 0.46992968749999997 0.0392109375 0.041953125
1 0.137140625 0.45249218750000003 0.030875000000000003 0.036578125
1 0.0435703125 0.5080312499999999 0.027765625 0.036546875
1 0.0763828125 0.5118515625 0.027414062500000003 0.030296875
1 0.16109374999999998 0.54471875 0.1065546875 0.146390625
1 0.09799218750000001 0.548125 0.013343749999999998 0.022984375
1 0.041921875 0.5846015625 0.036617187499999995 0.06294531249999999
1 0.1888671875 0.6439453125 0.08571875 0.112203125
1 0.443359375 0.7965 0.018320312499999998 0.030148437500000003
1 0.43 0.8199296875 0.0158984375 0.017984375
1 0.39953125 0.7356640624999999 0.022671875 0.03521875
1 0.4483984375 0.6670234374999999 0.0179765625 0.0211953125
1 0.153453125 0.2394453125 0.0565625 0.067078125
1 0.0387109375 0.2050625 0.07359375 0.13721875
1 0.0401875 0.28500000000000003 0.04009375 0.052296875
1 0.023515625000000002 0.0799921875 0.0470390625 0.0745703125
1 0.218296875 0.08257031249999999 0.0282578125 0.0328515625
1 0.222890625 0.160578125 0.069046875 0.114203125
1 0.22307031249999998 0.23321874999999997 0.03259375 0.042484375000000005
1 0.028468749999999998 0.019539062500000003 0.0565859375 0.039070312499999996
1 0.07134375 0.0159765625 0.0277578125 0.028140625000000002
1 0.07976562499999999 0.0601484375 0.035914062499999996 0.045296875
1 0.10485156250000001 0.027695312500000003 0.0357421875 0.0394140625
1 0.13921875 0.020921875 0.0350390625 0.0418515625
1 0.1793203125 0.024046875000000002 0.0423203125 0.048093750000000005
1 0.7228515625 0.8141093749999999 0.030078125 0.054609375
1 0.7375234374999999 0.793984375 0.0146328125 0.01990625
1 0.7541875 0.8157578125 0.020179687499999998 0.037421875
1 0.7515 0.518015625 0.0200078125 0.023546875000000002
1 0.73978125 0.48747656250000004 0.0226171875 0.0180078125
1 0.76390625 0.4989296875 0.01184375 0.013140625
1 0.7669453125000001 0.8766875000000001 0.01965625 0.01690625
1 0.7597421875 0.237796875 0.045179687499999996 0.04121875
1 0.790640625 0.24456250000000002 0.0236484375 0.0276796875
1 0.7969765625 0.2135859375 0.013750000000000002 0.02578125
1 0.8461953125000001 0.1851171875 0.04446875 0.045242187499999996
1 0.7969765625 0.1842578125 0.0206953125 0.0261484375
1 0.8282265625 0.086671875 0.013750000000000002 0.0006171875
1 0.83378125 0.0438515625 0.08040625 0.0877109375
1 0.8514843750000001 0.11085156249999999 0.0394375 0.056429687500000006
1 0.4590703125 0.09526562499999999 0.0341171875 0.0395
1 0.8584296874999999 0.23556249999999998 0.0186015625 0.026328125
1 0.82640625 0.286671875 0.01878125 0.0296015625
1 0.427828125 0.121796875 0.0132890625 0.01928125
1 0.4775625 0.544015625 0.027695312500000003 0.0373359375
1 0.12603124999999998 0.803296875 0.022539062500000002 0.0194375
1 0.10198437499999999 0.8128359375 0.0248046875 0.0350546875
1 0.1095390625 0.8492031250000001 0.0208125 0.019234375
1 0.4136796875 0.8655156249999999 0.017984375 0.017140625
1 0.7800546875000001 0.08985937499999999 0.026773437500000004 0.0179140625
1 0.4596796875 0.19329687499999998 0.016234375000000002 0.044234375
1 0.741078125 0.60696875 0.026953125 0.02434375