0 0.0982109375 0.0210546875 0.0592890625 0.0421171875
0 0.08040625 0.189 0.0592890625 0.1043125
0 0.0811484375 0.41085937499999997 0.05780468749999999 0.0998046875
0 0.091984375 0.6384765625 0.0646328125 0.097890625
0 0.09228125000000001 0.868015625 0.0592890625 0.10873437500000001
0 0.318453125 0.9647109374999999 0.0841796875 0.0705859375
0 0.317265625 0.7466328125 0.0699375 0.13314062499999998
0 0.315484375 0.5228906249999999 0.05450000000000001 0.08935156250000001
0 0.321125 0.2690078125 0.0954609375 0.160421875
0 0.31355468750000004 0.044906249999999995 0.0892265625 0.0898203125
0 0.5575390625 0.1091484375 0.0785 0.12271875000000002
0 0.55353125 0.8607968749999999 0.09126562499999999 0.1388203125
0 0.830015625 0.8615390625 0.06539843749999999 0.08985156250000001
0 0.8226015625 0.5686484375 0.06836718750000001 0.0799375
0 0.8083515625000001 0.0404375 0.05175 0.0808828125
0 0.7930625 0.3036640625 0.053828125000000004 0.057578125
1 0.057406250000000006 0.0167421875 0.0221875 0.033484375
1 0.0609609375 0.0720859375 0.029312500000000002 0.03671875
1 0.0382578125 0.364984375 0.0343671875 0.046640625000000005
1 0.08396875000000001 0.35564062500000004 0.030796875 0.0249765625
1 0.1074140625 0.3135 0.0242578125 0.0356875
1 0.0798125 0.2856015625 0.022484375 0.0511328125
1 0.2193203125 0.3925859375 0.028398437500000002 0.0483984375
1 0.09406250000000001 0.51246875 0.0391015625 0.050703125
1 0.081 0.699578125 0.024859375 0.0419921875
1 0.09376562499999999 0.793796875 0.0325703125 0.0434140625
1 0.057109375 0.79884375 0.02753125 0.035703125
1 0.0480546875 0.8893437499999999 0.036140624999999996 0.10389843750000001
1 0.06615625 0.8249609375 0.030796875 0.0404296875
1 0.3183046875 0.140921875 0.074984375 0.1031484375
1 0.29797656250000004 0.3373828125 0.0254140625 0.044875
1 0.29100000000000004 0.432203125 0.032242187500000005 0.047484375
1 0.332703125 0.41453125 0.029562500000000002 0.1326640625
1 0.30969531250000004 0.4519375 0.0280859375 0.0365
1 0.33210937500000004 0.621078125 0.064 0.1135546875
1 0.3199375 0.8700546875 0.06934375000000001 0.11875
1 0.5855937499999999 0.567078125 0.0366484375 0.0293046875
1 0.5655546874999999 0.6120390625 0.029226562499999997 0.027203125
1 0.5738671875 0.65328125 0.0339765625 0.0325234375
1 0.5928671875 0.62271875 0.034890624999999995 0.0248203125
1 0.5367656249999999 0.6384453125 0.025078125 0.02659375
1 0.5363203125 0.7233203125000001 0.02121875 0.0301015625
1 0.6004296874999999 0.845140625 0.0307109375 0.033296875
1 0.60028125 0.6731640624999999 0.0333828125 0.0426015625
1 0.5952421875 0.955828125 0.030140624999999997 0.08834375
1 0.5547187499999999 0.975125 0.0580234375 0.0497578125
1 0.10296093749999999 0.9419140625000001 0.021296875 0.039734375
1 0.08010937500000001 0.9855390625 0.029015625 0.0141875
1 0.7826796875 0.940984375 0.050859375 0.11803125
1 0.8462031250000001 0.9558515625 0.0714375 0.08542968749999999
1 0.8607421875 0.7942734375 0.0348203125 0.0502109375
1 0.7963281249999999 0.8134062500000001 0.042546875 0.073640625
1 0.867421875 0.6764609375 0.0333359375 0.0579921875
1 0.80196875 0.7139921874999999 0.0953828125 0.1182109375
1 0.86296875 0.7381875 0.031375 0.0389609375
1 0.8699453125 0.6027734375 0.023953125 0.0650859375
1 0.8286796875 0.6277109375000001 0.0775703125 0.0223359375
1 0.8012265624999999 0.46605468749999995 0.061250000000000006 0.133015625
1 0.8451640625 0.497078125 0.0289921875 0.0614765625
1 0.7580390625 0.4850546875 0.0312734375 0.099765625
1 0.8184453125 0.3686796875 0.0244375 0.062921875
1 0.839078125 0.32653906250000003 0.026320312499999998 0.0380234375
1 0.5416640625 0.3556171875 0.031906250000000004 0.0605546875
1 0.5682265625 0.32356250000000003 0.0286328125 0.1033125
1 0.5945 0.3539921875 0.02865625 0.042460937500000004
1 0.47739843750000005 0.1798828125 0.032210937499999995 0.0498671875
1 0.526375 0.210453125 0.033984375 0.0551953125
1 0.59375 0.21238281250000002 0.0321953125 0.03234375
1 0.572828125 0.0344765625 0.028929687500000002 0.0297734375
1 0.7642734375 0.0478203125 0.0378046875 0.0956484375
1 0.7841640625 0.1325625 0.047890625 0.10892187499999999
1 0.825421875 0.152875 0.041749999999999995 0.08253125
1 0.807609375 0.23953125000000003 0.08885156250000001 0.0777265625