0 0.26759374999999996 0.26234375 0.101703125 0.196125
0 0.62671875 0.3334296875 0.0565625 0.11284374999999999
0 0.9610468750000001 0.2712734375 0.0778984375 0.178265625
0 0.5674609375 0.6162421874999999 0.0518828125 0.11596875
0 0.1872421875 0.7059375 0.1285 0.2024921875
0 0.9183203125 0.6085390625 0.0839609375 0.138515625
0 0.53196875 0.9348203125 0.083578125 0.130359375
0 0.8905312500000001 0.9263828125 0.10204687500000001 0.144734375
1 0.3491015625 0.081203125 0.027710937499999998 0.03184375
1 0.343109375 0.03659375 0.0244140625 0.0294375
1 0.26794531250000003 0.0735625 0.0164453125 0.023515625000000002
1 0.3366875 0.1816875 0.021984375 0.027968749999999997
1 0.2962421875 0.19921875 0.0278984375 0.03871875
1 0.6289374999999999 0.08484375 0.0318359375 0.028718749999999998
1 0.61609375 0.0366796875 0.02003125 0.027875
1 0.637703125 0.010562499999999999 0.0198515625 0.019039062500000002
1 0.685359375 0.0773828125 0.016203125 0.031148437499999997
1 0.6848359375 0.029914062499999998 0.018632812500000002 0.031703125
1 0.6416953125 0.1756171875 0.017421875 0.019289062500000002
1 0.5952578125 0.224125 0.013093750000000001 0.027765625
1 0.6257265624999999 0.22872656249999998 0.0271484375 0.049109375
1 0.8396874999999999 0.24225781249999997 0.03665625 0.069234375
1 0.0876640625 0.35021874999999997 0.0395625 0.03515625
1 0.18175 0.482359375 0.01940625 0.0355546875
1 0.24182031249999997 0.42699218749999995 0.0145390625 0.032460937499999995
1 0.21395312500000002 0.6469296875 0.023046875 0.03309375
1 0.16890624999999998 0.789453125 0.021492187500000003 0.024742187500000002
1 0.234875 0.8656796874999999 0.028429687500000002 0.029617187499999996
1 0.20953125 0.9057734375000001 0.026351562499999998 0.023
1 0.1799296875 0.8694140625 0.017499999999999998 0.017984375
1 0.3161171875 0.8750546874999999 0.0173046875 0.020585937500000002
1 0.135578125 0.966546875 0.0242734375 0.028234375
1 0.5537734375000001 0.9512734375 0.0169140625 0.0185234375
1 0.51071875 0.8674453124999999 0.02109375 0.020999999999999998
1 0.517578125 0.7876015625 0.029593750000000002 0.055765625
1 0.5112421875 0.8277890625 0.01865625 0.0198125
1 0.5638359375 0.7845703125 0.01621875 0.0340703125
1 0.534671875 0.7366640624999999 0.0273359375 0.0424296875
1 0.49526562500000004 0.7211328124999999 0.0283828125 0.03740625
1 0.5250390625 0.678609375 0.027164062500000002 0.032218750000000004
1 0.5519453125 0.6896328125 0.021953125 0.028226562500000003
1 0.561234375 0.838203125 0.014484374999999999 0.0198046875
1 0.62425 0.6498515625 0.039820312499999996 0.0684453125
1 0.6282421874999999 0.4257578125 0.0165546875 0.031718750000000004
1 0.5634921875 0.510359375 0.071078125 0.0707265625
1 0.5475234375 0.45934375000000005 0.0183046875 0.0242421875
1 0.5828515624999999 0.4234140625 0.021249999999999998 0.032242187500000005
1 0.5617578125 0.42428125000000005 0.019 0.0235625
1 0.61140625 0.49752343750000005 0.0210703125 0.02421875
1 0.62771875 0.5467265625 0.039820312499999996 0.04796875
1 0.6136640625 0.5819609375 0.049890625 0.0316328125
1 0.5872734375 0.6884453125000001 0.0110078125 0.0171640625
1 0.6017734375 0.7030234375 0.0208984375 0.0185390625
1 0.8921953125 0.3773828125 0.03578125 0.0599765625
1 0.870328125 0.40984375 0.012875000000000001 0.017265625
1 0.8984453125 0.47267187499999996 0.027445312500000003 0.0318046875
1 0.9098203125 0.42815624999999996 0.0241484375 0.0278359375
1 0.9398515625 0.40151562500000004 0.0251875 0.028375
1 0.9829140625000001 0.6645078125 0.0240390625 0.031757812499999996