0 0.132078125 0.060609375 0.0720390625 0.105203125
0 0.40424218749999996 0.1155 0.1132109375 0.1692421875
0 0.095484375 0.330484375 0.042312499999999996 0.10292187500000001
0 0.3630703125 0.39680468750000003 0.08347656249999999 0.146375
0 0.340203125 0.6358046875000001 0.10177343750000001 0.1555234375
0 0.060609375 0.6192265625 0.068609375 0.12921875
0 0.02515625 0.8748046875 0.04803125 0.0777578125
0 0.2904609375 0.93396875 0.09834375 0.1320546875
0 0.62665625 0.8296328125000001 0.0571796875 0.09033593749999999
0 0.63065625 0.5483203125 0.07890625 0.13379687499999998
0 0.9033906249999999 0.87365625 0.066328125 0.128078125
0 0.68440625 0.2172734375 0.07890625 0.130359375
0 0.9614140624999999 0.2624375 0.077171875 0.13379687499999998
0 0.7118515624999999 0.013148437499999999 0.074328125 0.026296874999999997
0 0.9182578124999999 0.0011796875 0.0045703125 0.0023515625
1 0.9585546875000001 0.10234375 0.0828828125 0.2046875
1 0.986 0.369359375 0.028000000000000004 0.1349375
1 0.9474140625 0.3773671875 0.035453125 0.03659375
1 0.9434140624999999 0.43968749999999995 0.043453124999999995 0.030875000000000003
1 0.9434140624999999 0.5060156250000001 0.03659375 0.060609375
1 0.8982421875 0.5923515625 0.085765625 0.1372265625
1 0.9096796875000001 0.737578125 0.13150781250000002 0.1395078125
1 0.97371875 0.8313515625000001 0.051460937500000005 0.09148437499999999
1 0.8507890625 0.9322578125 0.0388828125 0.135484375
1 0.889671875 0.91596875 0.03659375 0.04803125
1 0.9091093750000001 0.9688515625 0.077765625 0.062296874999999995
1 0.9651406250000001 0.9422734374999999 0.043453124999999995 0.1074921875
1 0.9605703125 0.5809140625 0.020585937500000002 0.043453124999999995
1 0.9760078125 0.48600000000000004 0.030875000000000003 0.066328125
1 0.602640625 0.93396875 0.1143515625 0.1320546875
1 0.6786875 0.7976171875 0.042312499999999996 0.12921875
1 0.5729062500000001 0.8170546875 0.043453124999999995 0.097203125
1 0.59978125 0.7358671875 0.049171875 0.05603125
1 0.65925 0.70384375 0.051460937500000005 0.058320312500000006
1 0.629515625 0.7513046875 0.051460937500000005 0.04803125
1 0.2927421875 0.8319218749999999 0.04803125 0.0697578125
1 0.3504921875 0.8004765624999999 0.035453125 0.0594609375
1 0.324765625 0.747296875 0.04803125 0.042312499999999996
1 0.1200703125 0.8107656249999999 0.0343046875 0.054890625000000005
1 0.0160078125 0.70784375 0.032015625 0.018296875
1 0.032015625 0.7844609375 0.0640390625 0.066328125
1 0.07146875 0.7169921875 0.021726562499999998 0.0228671875
1 0.060609375 0.9028203124999999 0.027445312500000003 0.06746875
1 0.0114375 0.9599921874999999 0.0228671875 0.0720390625
1 0.027445312500000003 0.5094453125 0.03659375 0.042312499999999996
1 0.0697578125 0.5208828125 0.032015625 0.0811875
1 0.0331640625 0.65753125 0.0343046875 0.0503125
1 0.053171875 0.39509375 0.0720390625 0.074328125
1 0.10806249999999999 0.26415625 0.0651796875 0.0503125
1 0.2538671875 0.39451562500000004 0.04803125 0.04803125
1 0.3756484375 0.5094453125 0.0331640625 0.05603125
1 0.3813671875 0.27959375 0.0811875 0.09033593749999999
1 0.38708593750000003 0.334484375 0.037734375 0.049171875
1 0.3390546875 0.432828125 0.046882812499999996 0.0651796875
1 0.12350000000000001 0.13093749999999998 0.0388828125 0.051460937500000005
1 0.12921875 0.1892578125 0.04803125 0.042312499999999996
1 0.08690624999999999 0.2006875 0.018296875 0.044601562500000004
1 0.42767968749999996 0.022296875 0.04803125 0.044601562500000004
1 0.4562734375 0.0640390625 0.0388828125 0.03659375
1 0.59178125 0.639234375 0.024015625 0.0640390625
1 0.6300859375 0.6483828125 0.032015625 0.0640390625
1 0.6598203125000001 0.42367968749999996 0.08690624999999999 0.1269296875
1 0.6094999999999999 0.3350546875 0.0343046875 0.061750000000000006
1 0.583203125 0.43968749999999995 0.043453124999999995 0.07890625
1 0.63065625 0.271015625 0.021726562499999998 0.03659375
1 0.700984375 0.313328125 0.0526015625 0.0937734375
1 0.650671875 0.3110390625 0.02515625 0.0708984375
1 0.718140625 0.1578046875 0.0343046875 0.0777578125
1 0.619796875 0.2144140625 0.032015625 0.07661718749999999
1 0.63809375 0.068609375 0.0526015625 0.128078125
1 0.7324296875 0.0708984375 0.030875000000000003 0.0937734375
1 0.567765625 0.062890625 0.037734375 0.029734375
1 0.5208828125 0.0388828125 0.028585937500000002 0.061750000000000006
1 0.1863984375 0.41682031249999996 0.032015625 0.05603125
1 0.1538046875 0.7918984375 0.012578125 0.028585937500000002