0 0.033109375 0.0616484375 0.06621875 0.12330468750000001
0 0.017125 0.36991406250000003 0.03425 0.212359375
0 0.4212890625 0.2580234375 0.11873437499999999 0.15755468749999998
0 0.81403125 0.842578125 0.152984375 0.24660937500000002
0 0.8619843749999999 0.2677265625 0.13015625 0.24546874999999999
0 0.4618203125 0.024546875000000003 0.119875 0.049093750000000005
1 0.20607812499999997 0.5131953125 0.0468125 0.069640625
1 0.1855234375 0.1501328125 0.051375000000000004 0.0468125
1 0.2334765625 0.1626953125 0.01940625 0.037679687499999996
1 0.2591640625 0.16611718749999999 0.018265625 0.0422421875
1 0.193515625 0.049093750000000005 0.030828125 0.059367187499999995
1 0.24546874999999999 0.035390624999999995 0.038820312499999995 0.0707890625
1 0.15926562500000002 0.3710546875 0.012562499999999999 0.0411015625
1 0.123875 0.38703906250000003 0.033109375 0.0251171875
1 0.2277734375 0.37390625 0.035390624999999995 0.037679687499999996
1 0.27571875 0.46010937500000004 0.026257812499999998 0.054804687500000004
1 0.3076875 0.4258515625 0.0239765625 0.0411015625
1 0.32995312499999996 0.379046875 0.0251171875 0.0273984375
1 0.15755468749999998 0.558296875 0.045671875 0.0890546875
1 0.07878125 0.5080546874999999 0.03425 0.0433828125
1 0.0165546875 0.5594375 0.0239765625 0.03425
1 0.0142734375 0.6062421875 0.0216953125 0.0296875
1 0.009703125 0.738109375 0.01940625 0.0239765625
1 0.013132812499999999 0.8340156249999999 0.026257812499999998 0.05365625
1 0.013132812499999999 0.9379062499999999 0.026257812499999998 0.035390624999999995
1 0.0216953125 0.9869375 0.0433828125 0.026125
1 0.1124609375 0.5206171875 0.0285390625 0.03653125
1 0.2043671875 0.6553359375000001 0.038820312499999995 0.045671875
1 0.42071875 0.8625546875 0.0216953125 0.035390624999999995
1 0.42528125 0.913359375 0.033109375 0.038820312499999995
1 0.33566406249999997 0.9812265625000001 0.031968750000000004 0.037546875
1 0.38189843749999997 0.9875078125 0.017125 0.024984375
1 0.3670546875 0.9350546874999999 0.0468125 0.0685
1 0.368203125 0.8945234375 0.012562499999999999 0.017125
1 0.35564062500000004 0.8357265625 0.035390624999999995 0.0433828125
1 0.3784765625 0.8100390624999999 0.035390624999999995 0.0399609375
1 0.33223437499999997 0.7558046875 0.03653125 0.0273984375
1 0.387609375 0.7449609374999999 0.035390624999999995 0.0468125
1 0.3807578125 0.6627578125 0.1061796875 0.129015625
1 0.3956015625 0.5771328125 0.035390624999999995 0.0445234375
1 0.432703125 0.543453125 0.050234375 0.050234375
1 0.3305234375 0.5600078125 0.0239765625 0.035390624999999995
1 0.36877343749999997 0.53603125 0.0228359375 0.07878125
1 0.40131249999999996 0.432703125 0.067359375 0.1324375
1 0.3550703125 0.0348203125 0.031968750000000004 0.0422421875
1 0.39503125 0.0462421875 0.038820312499999995 0.08106250000000001
1 0.4190078125 0.1193046875 0.031968750000000004 0.0285390625
1 0.3956015625 0.154703125 0.026257812499999998 0.0445234375
1 0.49778124999999995 0.1878125 0.0296875 0.062796875
1 0.3156796875 0.28314062500000003 0.0399609375 0.07763281250000001
1 0.7792109375 0.55315625 0.0445234375 0.0422421875
1 0.8380078125000001 0.4698125 0.031968750000000004 0.062796875
1 0.9053671874999999 0.4652421875 0.0228359375 0.030828125
1 0.945328125 0.027968749999999997 0.0411015625 0.035390624999999995
1 0.8505703125 0.0485234375 0.038820312499999995 0.065078125
1 0.9350546874999999 0.14557031250000002 0.0228359375 0.0559453125
1 0.6410703125 0.4212890625 0.037679687499999996 0.079921875
1 0.8608437500000001 0.6838828125 0.0228359375 0.047953125
1 0.8414375 0.5280390625 0.03425 0.0399609375
1 0.54059375 0.9761562500000001 0.0239765625 0.031968750000000004
1 0.585125 0.11873437499999999 0.030828125 0.038820312499999995
1 0.0633671875 0.2397578125 0.0468125 0.045671875
1 0.0062812499999999995 0.1980859375 0.012562499999999999 0.037679687499999996