0 0.1852734375 0.0728125 0.0809453125 0.145625
0 0.6015390625 0.0393359375 0.051398437500000005 0.0708359375
0 0.9355234375 0.075796875 0.0998515625 0.15159375
0 0.148796875 0.3762265625 0.11807812499999999 0.1549609375
0 0.57103125 0.33490625 0.085546875 0.12271093749999999
0 0.918359375 0.354953125 0.1252265625 0.17959375
0 0.096828125 0.7615703125 0.1130546875 0.1829921875
0 0.5325078125 0.6640234375 0.047671875 0.0961171875
0 0.505171875 0.932265625 0.0769765625 0.11014062499999999
0 0.8703125 0.7367578124999999 0.11684375 0.18934375
1 0.35226562499999997 0.1150546875 0.015609375 0.037546875
1 0.3597265625 0.065625 0.023078124999999998 0.0170546875
1 0.42914062499999994 0.0327890625 0.0275390625 0.055874999999999994
1 0.52690625 0.0827734375 0.0439453125 0.088671875
1 0.56534375 0.051992187499999995 0.03125 0.10399218750000001
1 0.5882968749999999 0.0809296875 0.023609375 0.019515625
1 0.57803125 0.23089062500000002 0.026773437500000004 0.12365625
1 0.5373593750000001 0.20124218749999997 0.027523437499999998 0.045703125
1 0.5101171875 0.22502343749999998 0.04021875 0.0503515625
1 0.5213125 0.3076640625 0.025289062499999997 0.032765625
1 0.49574999999999997 0.3533671875 0.0196953125 0.024906249999999998
1 0.7891484375 0.0751328125 0.040359374999999996 0.0547265625
1 0.8239453125 0.0202890625 0.0185234375 0.0405859375
1 0.70603125 0.100875 0.028984375 0.0465078125
1 0.7134921875 0.054242187500000004 0.028984375 0.0428046875
1 0.9418671875 0.20173437500000002 0.03790625 0.05603125
1 0.8712500000000001 0.25667968750000003 0.0254140625 0.0446171875
1 0.55965625 0.41831250000000003 0.0590546875 0.05254687500000001
1 0.4713046875 0.5238984375 0.059625 0.039796874999999995
1 0.5098359375 0.47456250000000005 0.0377890625 0.0474765625
1 0.4882890625 0.48678125000000005 0.030140624999999997 0.0215390625
1 0.5796171875 0.4796875 0.0316328125 0.044671875
1 0.5541484375 0.53984375 0.03871875 0.06609374999999999
1 0.49779687499999997 0.5857421875 0.05290625 0.045914062500000005
1 0.5282109375 0.562515625 0.042828125 0.046117187500000004
1 0.644453125 0.5935859375 0.040195312500000004 0.07279687500000001
1 0.685875 0.5700859375 0.0185390625 0.0258046875
1 0.060640625000000004 0.5541953125 0.0182734375 0.025742187500000003
1 0.0880625 0.555875 0.0171484375 0.0253671875
1 0.12053125 0.5924375000000001 0.0223671875 0.0238515625
1 0.0829375 0.6080078125 0.027414062500000003 0.027015624999999998
1 0.0954375 0.636921875 0.018828125 0.0213984375
1 0.06259375 0.6790859375 0.03525 0.031078125
1 0.4025546875 0.625453125 0.028476562500000004 0.026445312500000002
1 0.45563281250000004 0.6637890625 0.0208203125 0.0378046875
1 0.4815703125 0.6817890625 0.0280703125 0.042078125
1 0.475875 0.78578125 0.0892890625 0.1175546875
1 0.5772890625 0.7239453124999999 0.0327421875 0.0666796875
1 0.435109375 0.8885156249999999 0.039484375 0.07488281249999999
1 0.44341406250000004 0.9833828125 0.0467578125 0.033234375
1 0.6126406249999999 0.9283515625 0.0381484375 0.02953125
1 0.57140625 0.8320000000000001 0.034046875 0.04021875
1 0.5981796875 0.8809687500000001 0.02975 0.024335937499999998
1 0.5341875 0.7274453125 0.0249140625 0.0419609375
1 0.8683515625 0.9791874999999999 0.047617187500000005 0.0416328125
1 0.9065078124999999 0.9233125 0.054890625000000005 0.045578125000000004
1 0.8377578124999999 0.8977499999999999 0.046132812499999995 0.0653671875
1 0.8253515625000001 0.961 0.030648437499999997 0.031375
1 0.8927109375000001 0.836 0.0548203125 0.133671875
1 0.867234375 0.6132734375 0.05284375 0.0823203125
1 0.9363671874999999 0.5645859375 0.032492187500000005 0.0633203125