0 0.44233593750000005 0.5813203125 0.08349999999999999 0.1114609375
0 0.45522656250000004 0.2896015625 0.1092734375 0.15303125
0 0.11540625 0.364671875 0.08589843750000001 0.1996484375
0 0.08396875000000001 0.6664218749999999 0.10503906249999999 0.12346874999999999
0 0.05046874999999999 0.942484375 0.09860156249999999 0.1150390625
0 0.749734375 0.942203125 0.049859375 0.0695625
0 0.40815625000000005 0.8311875000000001 0.09717187499999999 0.1307421875
0 0.7798046875 0.7016640625 0.0709453125 0.12168749999999999
0 0.81671875 0.43351562499999996 0.078359375 0.0853828125
0 0.8374218750000001 0.20294531249999997 0.041640625 0.083234375
1 0.040515625 0.0927109375 0.08102343749999999 0.1850234375
1 0.0955859375 0.06079687499999999 0.0364921875 0.0801875
0 0.1432421875 0.0998359375 0.0849140625 0.17389062500000002
1 0.043539062499999996 0.2581484375 0.043726562499999996 0.0451953125
1 0.0423671875 0.321796875 0.025757812499999998 0.0475
1 0.23503124999999997 0.31056249999999996 0.10442968749999999 0.1246328125
1 0.21461718749999997 0.4340625 0.098375 0.11967968749999999
1 0.21325 0.551796875 0.08236718750000001 0.11687499999999999
1 0.120875 0.24017968750000002 0.0733984375 0.040523437499999995
1 0.0708828125 0.46316406250000003 0.03590625 0.041171875000000004
1 0.0510625 0.3923828125 0.0411875 0.05780468749999999
1 0.023328124999999998 0.5814453125 0.046656249999999996 0.1273515625
1 0.0665859375 0.57921875 0.0429375 0.0428046875
1 0.07146875 0.53440625 0.040984375 0.029359375
1 0.1232265625 0.5332343749999999 0.0233984375 0.042640625
1 0.159453125 0.6335 0.0196875 0.026375
1 0.20788281249999999 0.635546875 0.06185937500000001 0.044140625
1 0.0426640625 0.7271953124999999 0.036109375 0.032125
1 0.06609374999999999 0.8182656250000001 0.12984374999999998 0.1263828125
1 0.14109375 0.974484375 0.04546875 0.0481875
1 0.10623437499999999 0.904875 0.032390625 0.051546875000000006
1 0.3929296875 0.9095625 0.0276484375 0.029671874999999997
1 0.7559843749999999 0.7945546875 0.031109375 0.04575
1 0.8007031250000001 0.8501953125 0.085390625 0.134359375
1 0.80803125 0.92771875 0.0316875 0.0308359375
1 0.8243359375000001 0.7097187500000001 0.027187499999999996 0.03428125
1 0.90909375 0.6295859375 0.048265625 0.07323437499999999
1 0.752859375 0.522875 0.040484375 0.08833593749999999
1 0.8191640625 0.5136093749999999 0.0266015625 0.06003125
1 0.79865625 0.6044921875 0.0832421875 0.1109375
1 0.749734375 0.4093671875 0.034234375 0.041007812500000004
1 0.7703359375 0.3168125 0.053953125000000005 0.1090078125
1 0.8122265625 0.30646874999999996 0.026414062500000002 0.0812890625
1 0.8716015625000001 0.25970312500000003 0.027960937499999998 0.048320312500000004
1 0.7777578125 0.21710156249999998 0.053171875 0.054914062500000006
1 0.9307734375000001 0.153453125 0.03303125 0.0604140625
1 0.7803984374999999 0.079453125 0.029148437500000002 0.033515625
1 0.825609375 0.10667968750000001 0.0512109375 0.097734375
1 0.7934765625 0.047625 0.027976562500000003 0.036265625
1 0.8763828124999999 0.04459375 0.043390625 0.0438828125
1 0.86359375 0.09721874999999999 0.023671875000000002 0.049515625
1 0.751390625 0.7480156250000001 0.0199765625 0.0190859375
1 0.848453125 0.7639609375 0.038320312499999995 0.0392578125
1 0.142359375 0.9145078124999999 0.0226171875 0.03175
1 0.30778125 0.015437500000000002 0.0370390625 0.030867187499999997
1 0.27135937499999996 0.012703125000000001 0.028648437500000002 0.025406250000000002
1 0.44858593750000003 0.510515625 0.025687500000000002 0.032359375
1 0.8044140625 0.9825234375 0.05765625 0.0349609375
1 0.7854765625 0.1383515625 0.023679687499999998 0.0302109375
1 0.035726562499999996 0.21667968750000002 0.043726562499999996 0.028671875000000003
1 0.22604687499999998 0.23161718750000002 0.02396875 0.03315625
1 0.729421875 0.570359375 0.017046875 0.025093749999999998
1 0.4673359375 0.8227421874999999 0.0163125 0.0200859375
1 0.76340625 0.4492421875 0.014703125000000001 0.013328125
1 0.2337578125 0.7640859375 0.0179140625 0.0238828125
1 0.2700859375 0.205390625 0.02025 0.023679687499999998
1 0.47592968750000003 0.1433046875 0.017875 0.0166875
1 0.45659375 0.1698515625 0.037796875 0.04634375
1 0.43071875000000004 0.2063671875 0.0270625 0.02953125
1 0.49721875000000004 0.29228125 0.025289062499999997 0.037296875
1 0.8551953125 0.0093203125 0.0498359375 0.018640625