0 0.027578125 0.2430234375 0.05515625 0.11375781250000001
0 0.01953125 0.540625 0.039070312499999996 0.0884765625
0 0.02240625 0.7560703125 0.0448125 0.1103046875
0 0.25910937500000003 0.5842890625 0.0586015625 0.0930703125
0 0.2654296875 0.826734375 0.0436640625 0.09536718749999999
0 0.266578125 0.0281484375 0.059750000000000004 0.05630468749999999
0 0.523390625 0.46306250000000004 0.0356171875 0.0735390625
0 0.7457265625 0.196484375 0.07813281250000001 0.117203125
0 0.7503203125 0.4814453125 0.07813281250000001 0.1080078125
1 0.012640624999999999 0.030453124999999998 0.025281249999999998 0.0586015625
1 0.047109374999999995 0.1005390625 0.022984375 0.054007812499999995
1 0.01953125 0.141328125 0.036765625 0.07813281250000001
1 0.03275 0.330921875 0.014937500000000001 0.05745312500000001
1 0.0074687500000000006 0.338390625 0.014937500000000001 0.0654921875
1 0.0338984375 0.3952734375 0.014937500000000001 0.0413671875
1 0.0166640625 0.45386718750000005 0.0333203125 0.0459609375
1 0.2453203125 0.92325 0.014937500000000001 0.072390625
1 0.2706015625 0.972828125 0.042515625 0.05434375
1 0.271171875 0.9100390624999999 0.029875000000000002 0.05745312500000001
1 0.25451562499999997 0.707234375 0.04021875 0.09996875
1 0.296453125 0.13271093750000001 0.0206796875 0.07009375
1 0.2596796875 0.2573828125 0.029875000000000002 0.05515625
1 0.286109375 0.2430234375 0.03446875 0.067796875
1 0.271171875 0.48891406249999997 0.0436640625 0.0608984375
1 0.24704687500000003 0.43491406250000003 0.025281249999999998 0.0448125
1 0.2849609375 0.4222734375 0.025281249999999998 0.0631953125
1 0.2579609375 0.3435625 0.028726562500000004 0.07813281250000001
1 0.2866875 0.36941406250000003 0.042515625 0.05630468749999999
1 0.2803671875 0.644609375 0.036765625 0.0413671875
1 0.21946875000000002 0.75721875 0.027578125 0.050554687499999994
1 0.5337265625 0.9669140625000001 0.028726562500000004 0.0654921875
1 0.4923671875 0.8382265625 0.0264296875 0.07009375
1 0.5256875 0.8606328124999999 0.0241328125 0.036765625
1 0.5739453125 0.8853359375000001 0.0310234375 0.07928125
1 0.5073046875 0.8899296874999999 0.0264296875 0.047109374999999995
1 0.4998359375 0.64978125 0.032171875 0.11375781250000001
1 0.56303125 0.6492109375 0.025281249999999998 0.059750000000000004
1 0.5417734375000001 0.707234375 0.01953125 0.054007812499999995
1 0.5337265625 0.5808359375000001 0.042515625 0.0930703125
1 0.49006249999999996 0.535453125 0.01953125 0.0459609375
1 0.5096015625 0.4015859375 0.0310234375 0.0654921875
1 0.5164921875 0.1505234375 0.07698437500000001 0.2872578125
1 0.766984375 0.039070312499999996 0.0448125 0.07813281250000001
1 0.7606640625 0.11835156250000001 0.032171875 0.039070312499999996
1 0.76640625 0.366546875 0.022984375 0.050554687499999994
1 0.756640625 0.41021093750000004 0.021828125 0.0206796875
1 0.7302109375 0.30851562499999996 0.01953125 0.0310234375
1 0.7916875 0.5360234375 0.0183828125 0.0310234375
1 0.7531953125 0.5842890625 0.0241328125 0.051703125
1 0.78709375 0.56303125 0.025281249999999998 0.0413671875
1 0.816390625 0.61990625 0.0333203125 0.054007812499999995
1 0.7761796875 0.6681640625 0.042515625 0.102265625
1 0.8227109374999999 0.6888515625 0.0183828125 0.037921875
1 0.7807734375 0.7526171875000001 0.037921875 0.05515625
1 0.766984375 0.8324765624999999 0.0333203125 0.07698437500000001
1 0.81696875 0.8365 0.0206796875 0.036765625
1 0.8054765625 0.9025703125 0.0160859375 0.051703125
1 0.78709375 0.9697890625 0.052859375 0.05745312500000001
1 0.7106796875 0.9837421875000001 0.0241328125 0.0325078125
1 0.7928359375 0.37803125 0.0206796875 0.036765625
1 0.9722578125 0.05228125 0.0554921875 0.1045625
1 0.986453125 0.19878125 0.021828125 0.0689453125
1 0.9762734375000001 0.13443750000000002 0.047445312499999996 0.05515625
1 0.9871953124999999 0.28840625000000003 0.0256171875 0.09651562500000001
1 0.9791484374999999 0.41021093750000004 0.041703125 0.1378828125
1 0.9774296874999999 0.6698906250000001 0.0451484375 0.22521093749999999
1 0.986453125 0.8996953124999999 0.0241328125 0.121796875
1 0.02240625 0.9697890625 0.028726562500000004 0.050554687499999994