0 0.2221640625 0.664046875 0.11139062500000001 0.2093125
0 0.2656171875 0.2692890625 0.1321953125 0.2080859375
0 0.3053984375 0.030601562500000002 0.064875 0.05630468749999999
0 0.21237499999999998 0.9284218750000001 0.07466406249999999 0.14315625
0 0.627328125 0.3984296875 0.11628125 0.1921796875
0 0.6108046875 0.9229062499999999 0.0734453125 0.1541796875
0 0.6456875 0.0667109375 0.09180468750000001 0.1285234375
0 0.99084375 0.105265625 0.018312500000000002 0.12975
0 0.9700390625 0.4688125 0.059929687499999995 0.1321953125
0 0.979828125 0.8635703124999999 0.04034375 0.16525
0 0.5967265625 0.649359375 0.07221875 0.10404687500000001
1 0.44249218749999997 0.0195859375 0.033046874999999996 0.039171875
1 0.34640624999999997 0.061812500000000006 0.02203125 0.0599765625
1 0.32253906250000003 0.226453125 0.033046874999999996 0.029375000000000002
1 0.1064921875 0.3843515625 0.0514140625 0.0416171875
1 0.194625 0.335390625 0.0416171875 0.0636484375
1 0.086296875 0.5073671875 0.064875 0.09425
1 0.1499453125 0.5802031249999999 0.025703125 0.0636484375
1 0.2001328125 0.572859375 0.02815625 0.0342734375
1 0.2509296875 0.52634375 0.017140625 0.0514140625
1 0.260109375 0.4926796875 0.0208125 0.030601562500000002
1 0.249703125 0.45228906249999995 0.046515625 0.0355
1 0.2515390625 0.411890625 0.04284375 0.033046874999999996
1 0.21971875000000002 0.42535937500000004 0.0379453125 0.0624296875
1 0.05630468749999999 0.754625 0.09303125 0.15790625
1 0.0458984375 0.3659921875 0.050187499999999996 0.0440625
1 0.08690624999999999 0.0875234375 0.1566796875 0.1750390625
1 0.1095546875 0.24114062500000003 0.0599765625 0.039171875
1 0.25032031250000003 0.12975 0.0452890625 0.046515625
1 0.38925 0.0997578125 0.039171875 0.0550859375
1 0.2741875 0.7986953125 0.031828125 0.0452890625
1 0.2931640625 0.709953125 0.0452890625 0.09303125
1 0.3188671875 0.717296875 0.025703125 0.031828125
1 0.435765625 0.739328125 0.029375000000000002 0.039171875
1 0.38679687500000004 0.761359375 0.039171875 0.039171875
1 0.3011171875 0.6016250000000001 0.029375000000000002 0.040390625
1 0.3262109375 0.6224296875 0.0379453125 0.040390625
1 0.469421875 0.86234375 0.0355 0.0673203125
1 0.5581640625000001 0.943109375 0.039171875 0.11378906250000001
1 0.5802031249999999 0.8054296875 0.029375000000000002 0.061203125000000004
1 0.619984375 0.2974453125 0.030601562500000002 0.024484375
1 0.963328125 0.3770078125 0.029375000000000002 0.029375000000000002
1 0.9725078125 0.42658593749999996 0.025703125 0.040390625
1 0.847046875 0.7478984375 0.039171875 0.031828125
1 0.6322265625 0.184828125 0.0355 0.053859375
1 0.42107031250000004 0.6371171875 0.0269296875 0.030601562500000002
1 0.40454687500000003 0.5612265625 0.050187499999999996 0.0452890625
1 0.37394531249999996 0.6518046875 0.0355 0.04284375
1 0.3690546875 0.94803125 0.11873437499999999 0.09914843749999999
1 0.3053984375 0.9663906250000001 0.030601562500000002 0.040390625
1 0.15178125 0.42658593749999996 0.0342734375 0.0526328125