0 0.40542187500000004 0.0427421875 0.0917109375 0.085484375
0 0.6521796875 0.23642968749999999 0.079359375 0.12285937499999999
0 0.3769140625 0.305359375 0.0659296875 0.0849375
0 0.6266953125 0.543828125 0.09284375 0.16343749999999999
0 0.361578125 0.5805390625 0.0684765625 0.11186718749999999
0 0.3236953125 0.8842343749999999 0.08644531250000001 0.1255
1 0.0504765625 0.82459375 0.028296875 0.0355234375
1 0.0595546875 0.66878125 0.0366875 0.036390624999999996
1 0.028210937499999998 0.9657656250000001 0.030640624999999998 0.040515625
1 0.358359375 0.8373828124999999 0.024921875 0.0318046875
1 0.3118828125 0.8002890624999999 0.0178984375 0.035726562499999996
1 0.37359375 0.894890625 0.016328125 0.027671875000000002
1 0.42897656250000005 0.9391953125000001 0.0801796875 0.1130859375
1 0.44956250000000003 0.8819062499999999 0.0003046875 0.004148437499999999
1 0.58890625 0.9677734375 0.0201171875 0.036265625
1 0.576640625 0.801953125 0.05809375 0.09210937500000001
1 0.3531640625 0.80353125 0.0137890625 0.033515625
1 0.368609375 0.7193046875 0.0194296875 0.035726562499999996
1 0.3001640625 0.6970156249999999 0.0159609375 0.018796874999999998
1 0.3248046875 0.68896875 0.0243671875 0.033937499999999995
1 0.33315625 0.63075 0.0230390625 0.019671875
1 0.311765625 0.60528125 0.0091015625 0.012
1 0.5170390625 0.42628125 0.051265625 0.0884921875
1 0.49526562500000004 0.348671875 0.0370078125 0.040703125
1 0.46703906249999994 0.37025 0.0215859375 0.01940625
1 0.66253125 0.3397890625 0.0258515625 0.0522265625
1 0.7570546874999999 0.5621796875 0.050828125 0.071234375
1 0.756765625 0.481640625 0.017046875 0.037109375
1 0.739875 0.5214765625 0.0164609375 0.0308359375
1 0.050765625 0.5585703125 0.0308359375 0.04253125
1 0.0500859375 0.7462500000000001 0.019703125 0.025312499999999998
1 0.0743046875 0.7722187500000001 0.0134453125 0.01865625
1 0.016593749999999997 0.7292578125 0.013265625 0.026492187499999997
1 0.012882812499999998 0.5154609375 0.025374999999999998 0.0246640625
1 0.0438359375 0.5178984375 0.015015625 0.02759375
1 0.069421875 0.60234375 0.0232109375 0.022664062500000002
1 0.0611171875 0.47474218749999997 0.0241953125 0.031132812500000002
1 0.1036953125 0.48060156249999997 0.03121875 0.027226562500000002
1 0.10389062499999999 0.41919531250000003 0.019890625000000002 0.031359375
1 0.0336796875 0.419609375 0.018140625 0.041953125
1 0.12596093749999998 0.29484374999999996 0.0366796875 0.0463203125
1 0.0254765625 0.275703125 0.025171875 0.047117187500000005
1 0.0292890625 0.3495078125 0.0425546875 0.0697265625
1 0.0990078125 0.2947421875 0.01403125 0.048078125
1 0.026453125 0.2093203125 0.02321875 0.04715625
1 0.137671875 0.0360546875 0.028867187500000002 0.0365703125
1 0.0769375 0.0163359375 0.020671875 0.0322890625
1 0.1184375 0.08838281249999999 0.02359375 0.0396640625
1 0.13728125 0.156828125 0.020273437499999998 0.0261484375
1 0.08006250000000001 0.140421875 0.019109375 0.03240625
1 0.06590625 0.05265625 0.0161875 0.034609375
1 0.0814296875 0.0496328125 0.010125 0.034414062499999995
1 0.1036953125 0.030984374999999998 0.01559375 0.026421875
1 0.368421875 0.14813281250000002 0.023554687499999998 0.05759375
1 0.38453125 0.09278125000000001 0.014765625 0.0386875
1 0.3978125 0.17576562499999998 0.010078125 0.0366796875
1 0.45717968750000004 0.096 0.027250000000000003 0.043171875
1 0.5590234374999999 0.1574921875 0.10007812499999999 0.146625
1 0.6880234375 0.0557734375 0.0358046875 0.07209375
1 0.6843125 0.12792187500000002 0.0479140625 0.06990625
1 0.635 0.0277578125 0.0371796875 0.045359375
1 0.6325546875 0.08447656249999999 0.018625 0.0474765625
1 0.8032421875000001 0.0173125 0.0318828125 0.0303359375
1 0.7735624999999999 0.2466328125 0.0428203125 0.0729609375
1 0.8001171875 0.193625 0.014695312499999998 0.066546875
1 0.831859375 0.1786875 0.032460937499999995 0.07768749999999999
1 0.9547968750000001 0.0468984375 0.022484375 0.028945312499999997
1 0.9360468750000001 0.06290625 0.016234375000000002 0.02971875
1 0.8599765625 0.0349765625 0.041828125 0.0699609375
1 0.7919140625 0.0875078125 0.0404765625 0.0242421875
1 0.8301015625 0.0605625 0.0328515625 0.04065625
1 0.377203125 0.2296484375 0.0137890625 0.0507109375
1 0.348984375 0.310234375 0.021796875 0.0399921875
1 0.33999999999999997 0.381890625 0.0194609375 0.0231640625
1 0.368125 0.4293359375 0.021015625 0.028210937499999998
1 0.3648046875 0.4884375 0.01828125 0.03703125
1 0.3910703125 0.48385156250000005 0.0141796875 0.01809375
1 0.3405859375 0.7401953125 0.0167265625 0.032734374999999996
1 0.374765625 0.7620625000000001 0.018671874999999998 0.029593750000000002
1 0.46078906249999996 0.718796875 0.079390625 0.1364296875
1 0.41695312500000004 0.7772890625 0.0171015625 0.036617187499999995
1 0.5140078124999999 0.7197890625000001 0.0198203125 0.048562499999999995
1 0.5356875 0.9128281250000001 0.1373828125 0.0674609375
1 0.49535937499999994 0.9690390624999999 0.050875000000000004 0.05292187499999999
1 0.5560937499999999 0.97421875 0.0356328125 0.0515625
1 0.631875 0.9426796875000001 0.054367187500000004 0.0900390625
1 0.6818671875 0.852078125 0.084046875 0.1119609375
1 0.6659531249999999 0.7577734375 0.034640625 0.060078125
1 0.7553984375 0.7623593750000001 0.0572734375 0.086828125
1 0.5759218749999999 0.86165625 0.030359375 0.033460937499999996
1 0.47456250000000005 0.5677187499999999 0.011234375000000001 0.0393515625
1 0.55921875 0.4983984375 0.0496953125 0.0764921875
1 0.5135234375 0.49557812500000004 0.012984375000000001 0.025921875
1 0.655109375 0.6793046875 0.034445312500000005 0.0613515625
1 0.618296875 0.6686640625 0.017460937500000002 0.065453125
1 0.5857812499999999 0.6913203125 0.048125 0.032640625
1 0.5766015624999999 0.722953125 0.0180546875 0.02559375
1 0.6149765625 0.73828125 0.014726562500000002 0.023046875
1 0.7789296875 0.645140625 0.032078125 0.051601562499999996
1 0.8150625 0.63615625 0.030117187499999996 0.057078125
1 0.7930859375 0.6012109375 0.027195312500000002 0.0379609375
1 0.752859375 0.6690625 0.017046875 0.027187499999999996
1 0.7424140625 0.8332734374999999 0.0176328125 0.023570312500000003
1 0.6068749999999999 0.39366406249999997 0.07467968750000001 0.1131171875
1 0.586078125 0.3169453125 0.019414062500000002 0.0416953125
1 0.6157578125 0.31059375 0.0241015625 0.046578125
1 0.46069531250000006 0.40481249999999996 0.010843750000000001 0.0143125
1 0.478953125 0.40881249999999997 0.018070312499999998 0.043789062499999996
1 0.4771015625 0.31353125 0.02021875 0.0251015625
1 0.53803125 0.24021093750000003 0.024890625 0.024953125
1 0.6297265624999999 0.1347890625 0.038351562500000005 0.06607031249999999
1 0.7619374999999999 0.381109375 0.0176328125 0.021601562499999998
1 0.725421875 0.4823203125 0.0188046875 0.0404296875
1 0.9027499999999999 0.474515625 0.02971875 0.0482421875
1 0.9626093750000001 0.9680937500000001 0.045914062500000005 0.033453125
0 0.93340625 0.725859375 0.0949375 0.1525078125
0 0.9579140625000001 0.47768750000000004 0.0834140625 0.126859375
0 0.9703125 0.174359375 0.059375 0.1295703125
0 0.9338984375000001 0.9747109375 0.0783359375 0.0505859375
1 0.672203125 0.9361015625 0.023703125 0.057359375000000004
1 0.6326562499999999 0.7717968749999999 0.0246796875 0.039296874999999995
1 0.501515625 0.596265625 0.0104453125 0.020265625000000002
1 0.6333359375 0.8411171875000001 0.0123828125 0.02559375
1 0.016296875 0.8704609375000001 0.03259375 0.0335078125
1 0.042375 0.8978984375 0.017945312499999998 0.031734374999999995
1 0.039640625 0.9369531249999999 0.0202890625 0.01609375
1 0.13182031249999998 0.0058359375 0.0249609375 0.011664062499999999
1 0.060726562500000004 0.12415625 0.0234140625 0.0233125
1 0.0250859375 0.023015625 0.016578125 0.0241484375
1 0.031921875 0.053859375 0.01853125 0.0311640625
1 0.1480234375 0.07534375 0.0144140625 0.0194375
1 0.1655078125 0.1212265625 0.0122578125 0.021359375
1 0.021765625 0.09017968750000001 0.013851562500000001 0.017859375
1 0.039632812499999996 0.1515859375 0.0281015625 0.0215390625
1 0.102421875 0.21485156249999998 0.022820312500000002 0.030875000000000003
1 0.058875 0.3112109375 0.01775 0.030226562499999998
1 0.1256640625 0.37984375 0.018515625 0.0288203125
1 0.0841640625 0.34664843749999996 0.01559375 0.0249375