0 0.23991406249999997 0.14164062500000002 0.06997656249999999 0.0972265625
0 0.030375000000000003 0.2519921875 0.0352109375 0.061726562500000005
0 0.0218828125 0.46690624999999997 0.0429296875 0.090265625
0 0.0234140625 0.614296875 0.0468203125 0.11264062500000001
0 0.0228359375 0.7817578125 0.045664062500000005 0.076359375
0 0.0141640625 0.9856093749999999 0.0259453125 0.0287734375
0 0.2534140625 0.900984375 0.07075000000000001 0.1110859375
0 0.25090625 0.6422734375 0.0595625 0.089109375
0 0.234703125 0.3673671875 0.0595625 0.09490625
0 0.7303671875 0.722140625 0.0801015625 0.1330859375
0 0.7211093749999999 0.955515625 0.0847265625 0.08896875
0 0.958234375 0.450703125 0.0527421875 0.085640625
0 0.9524453125000001 0.9748046875 0.0411640625 0.0503828125
1 0.016484375000000002 0.045953125 0.029617187499999996 0.08025
1 0.0240078125 0.1618984375 0.045632812499999995 0.0960625
1 0.0340390625 0.35636718749999996 0.0209375 0.045125
1 0.0089375 0.2944375 0.0178828125 0.032390625
1 0.01821875 0.837125 0.029421874999999997 0.032765625
1 0.015515625 0.7173203125 0.0209296875 0.043187500000000004
1 0.026515624999999998 0.5581640625000001 0.019773437499999998 0.0397265625
1 0.220421875 0.979828125 0.0418046875 0.0403515625
1 0.21385937500000002 0.8261328125 0.027140625 0.0663359375
1 0.2538046875 0.7823359375 0.046828125 0.13077343749999998
1 0.2792734375 0.6839453125 0.042203125 0.0566953125
1 0.258046875 0.5193828125 0.061492187499999997 0.17515624999999999
1 0.273484375 0.214953125 0.030625000000000003 0.0246875
1 0.2740625 0.251609375 0.03178125 0.0300859375
1 0.278109375 0.29964843750000003 0.039890625 0.052078124999999996
1 0.256890625 0.0453515625 0.082328125 0.090703125
0 0.4864921875 0.4609296875 0.0306640625 0.062875
1 0.47433593749999997 0.8591171875000001 0.0804375 0.0860078125
1 0.47433593749999997 0.7150078125 0.038765625 0.057078125
1 0.47896875000000005 0.9546171875 0.0711796875 0.05475
1 0.48822656249999996 0.1491640625 0.0295078125 0.052078124999999996
1 0.6832890625 0.018734375 0.035328125 0.0374609375
1 0.7336484375000001 0.112125 0.0388125 0.06596874999999999
1 0.6827109375 0.11309374999999999 0.0434296875 0.066359375
1 0.7031640625 0.21842968749999997 0.025687500000000002 0.0686640625
1 0.7309453125 0.16884375000000001 0.034953125 0.026609375
1 0.6921640625000001 0.1588125 0.0222109375 0.042046875
1 0.739046875 0.26472656250000004 0.0187421875 0.0408828125
1 0.7037421875 0.28112499999999996 0.02684375 0.0381796875
1 0.742328125 0.32221875 0.023765625000000002 0.032390625
1 0.712421875 0.40073437500000003 0.0858828125 0.136953125
1 0.726125 0.5132109375 0.079328125 0.067109375
1 0.6960234375 0.57803125 0.0376484375 0.0346953125
1 0.738859375 0.608703125 0.0353359375 0.11457031250000001
1 0.6910078125 0.61371875 0.02915625 0.030453124999999998
1 0.6753828125 0.695515625 0.0303125 0.0381640625
1 0.6765390625000001 0.7497265625 0.041890625 0.0570703125
1 0.6798203125 0.8083750000000001 0.037640625 0.046265625
1 0.73615625 0.834421875 0.0314765625 0.0381640625
1 0.714546875 0.8851640625 0.0469140625 0.05938281250000001
1 0.8171875 0.9073515625 0.022234375 0.045109375
1 0.94434375 0.7207890625 0.075890625 0.44368749999999996
1 0.946078125 0.2004609375 0.102515625 0.40091406249999995
1 0.47143750000000006 0.6171953125 0.046867187500000004 0.07753125