0 0.40405468750000006 0.24767187499999999 0.039554687500000005 0.0904921875
0 0.4185 0.5559921875 0.0753828125 0.090578125
0 0.6438671874999999 0.4073828125 0.0230859375 0.0390859375
0 0.63228125 0.1802734375 0.038804687500000004 0.0663828125
0 0.6649609375 0.8721406249999999 0.042953124999999995 0.09243749999999999
0 0.911328125 0.86096875 0.0690625 0.077546875
0 0.9022265624999999 0.5549609375 0.0624375 0.086859375
0 0.8775078125 0.2795546875 0.056023437499999995 0.061421875
1 0.1263125 0.210578125 0.0391328125 0.0715625
1 0.146171875 0.24129687500000002 0.023 0.0436328125
1 0.224796875 0.7393828124999999 0.0353203125 0.036367187499999995
1 0.1587890625 0.744609375 0.039570312499999996 0.042171875
1 0.140015625 0.9624062500000001 0.046921875 0.07518749999999999
1 0.21569531249999999 0.606421875 0.023320312500000002 0.025921875
1 0.139625 0.5711953125 0.038406249999999996 0.0313359375
1 0.14465625 0.6290625000000001 0.046921875 0.0386875
1 0.1715625 0.805765625 0.0465390625 0.04990625
1 0.4299765625 0.86834375 0.0756171875 0.2633125
1 0.3997734375 0.6633203125 0.04309375 0.06539843749999999
1 0.450296875 0.6426093749999999 0.0419453125 0.0626875
1 0.42164843750000003 0.4961015625 0.038843749999999996 0.0375390625
1 0.39958593750000004 0.3892578125 0.07367968750000001 0.162953125
1 0.369 0.256296875 0.03728125 0.0781796875
1 0.3833203125 0.043390625 0.0597421875 0.0812734375
1 0.0970390625 0.08442187500000001 0.021359375 0.0317265625
1 0.6161875 0.127 0.098109375 0.0487578125
1 0.62334375 0.0751328125 0.0628828125 0.0503125
1 0.624890625 0.0375859375 0.0365546875 0.027859375
1 0.6088281249999999 0.010875 0.029195312499999997 0.020890625
1 0.6388281250000001 0.01184375 0.013328125 0.0166328125
1 0.6326328125 0.2853203125 0.065203125 0.13159375
1 0.6574140625 0.5096406250000001 0.0783671875 0.14978125
1 0.6759921875 0.706859375 0.08301562500000001 0.226796875
1 0.6765703125 0.97440625 0.028437499999999998 0.0511875
1 0.6504453125 0.9337031250000001 0.0365625 0.025515624999999997
1 0.6893515625 0.9307968750000001 0.0261171875 0.024359375
1 0.891625 0.9806015625000001 0.0234375 0.038796874999999995
1 0.9235625000000001 0.948859375 0.03621875 0.10228124999999999
1 0.903046875 0.670671875 0.0215078125 0.052234375
1 0.88853125 0.4788671875 0.0575078125 0.0619140625
1 0.873625 0.3377734375 0.0571171875 0.049140625
1 0.8896875 0.43241406250000003 0.041249999999999995 0.02475
1 0.8316171875 0.20209375000000002 0.02265625 0.1044921875
1 0.8579453125000001 0.2009375 0.021109375 0.074296875
1 0.8745937500000001 0.0637109375 0.052859375 0.1048828125
1 0.8211640625 0.122359375 0.029617187499999996 0.045656249999999995
1 0.8809765625000001 0.1827421875 0.023828125 0.1339140625
1 0.85775 0.139390625 0.028468749999999998 0.044109375
1 0.9692421875000001 0.1422890625 0.028484375 0.026695312500000002
1 0.9793046875 0.379578125 0.022296875 0.0305546875
1 0.8803984375 0.79434375 0.022664062500000002 0.0487421875
1 0.14349218749999998 0.35945312500000004 0.0167265625 0.0476015625
1 0.1632421875 0.5086796875 0.032984374999999996 0.044109375
1 0.12142968750000001 0.0174375 0.028335937500000002 0.0348671875
1 0.169625 0.052296875 0.017890625 0.0232109375
1 0.46539062500000006 0.065453125 0.016398437499999998 0.0201171875