0 0.358015625 0.3665546875 0.10613281249999999 0.1466484375
0 0.3793671875 0.11294531249999999 0.0967578125 0.144953125
0 0.711109375 0.0867109375 0.10399218750000001 0.1734140625
0 0.68246875 0.396390625 0.0987890625 0.1203828125
0 0.060906249999999995 0.103640625 0.0900390625 0.11040625
0 0.6713984375 0.639421875 0.06884375000000001 0.16114062499999998
0 0.3246875 0.8018750000000001 0.1019765625 0.183953125
0 0.6462734375 0.93046875 0.094109375 0.1390625
1 0.45503125000000005 0.06278125 0.034671875000000005 0.0451015625
1 0.5290468749999999 0.06853125 0.077234375 0.128859375
1 0.4848125 0.10846875 0.02978125 0.08178125
1 0.5598046875 0.15299218750000002 0.0235234375 0.038015625
1 0.3228125 0.0368125 0.094453125 0.073625
1 0.2923515625 0.19105468750000001 0.0647734375 0.118046875
1 0.33140625 0.2537421875 0.033523437499999996 0.044203124999999996
1 0.359140625 0.21576562500000002 0.034296875 0.056140625
1 0.191671875 0.0495078125 0.056781250000000005 0.0576015625
1 0.11267968749999999 0.162953125 0.0491796875 0.0462109375
1 0.022351562499999998 0.17525 0.026734374999999998 0.0278515625
1 0.0844609375 0.3464296875 0.0259453125 0.034265625
1 0.0993984375 0.24333593750000002 0.022625 0.026523437500000004
1 0.0740078125 0.2676484375 0.01871875 0.0231796875
1 0.1181484375 0.1976484375 0.013242187499999999 0.017953125
1 0.13484374999999998 0.21844531250000002 0.017343749999999998 0.0107109375
1 0.21110937500000002 0.1886640625 0.0507265625 0.0546640625
1 0.24772656249999997 0.1951953125 0.016546875 0.0775078125
1 0.1865 0.2565078125 0.07182031250000001 0.1063671875
1 0.1471484375 0.310296875 0.0458515625 0.10653125000000001
1 0.2720390625 0.4205 0.07103125 0.057406250000000006
1 0.280140625 0.3598671875 0.0501328125 0.0709140625
1 0.3373671875 0.2975859375 0.020046875 0.0361953125
1 0.49974999999999997 0.345796875 0.0733359375 0.1911953125
1 0.44497656250000006 0.449890625 0.028226562500000003 0.028296875
1 0.48110156249999997 0.4595546875 0.0184609375 0.033953125
1 0.32339843749999997 0.481125 0.0448515625 0.059515625
1 0.265984375 0.29388281250000003 0.031578125 0.0326796875
1 0.2275078125 0.37577343750000003 0.060101562500000004 0.135921875
1 0.181125 0.360265625 0.0278828125 0.032640625
1 0.170875 0.5127421875 0.1343203125 0.154
1 0.09265625 0.3974609375 0.0423515625 0.042578125
1 0.0806484375 0.461796875 0.0398125 0.056015625
1 0.327109375 0.6389765625 0.10304687500000001 0.154515625
1 0.266375 0.5352187500000001 0.001109375 0.000265625
1 0.3191015625 0.47497656250000003 0.0362578125 0.045265625
1 0.388046875 0.4666796875 0.0452265625 0.0540625
1 0.3941015625 0.5188125 0.0299921875 0.029429687500000003
1 0.3930234375 0.57378125 0.025890625 0.0397421875
1 0.3459609375 0.5133515625 0.021609375 0.0263046875
1 0.1005703125 0.7596015625 0.03278125 0.0402890625
1 0.1369921875 0.7604765625 0.025546875000000004 0.03228125
1 0.26061718749999996 0.8303750000000001 0.026695312500000002 0.062703125
1 0.2772109375 0.7691640625 0.024742187500000002 0.02740625
1 0.26325 0.7049296875 0.026109375 0.032515625
1 0.0166875 0.618234375 0.033375 0.054429687500000004
1 0.0261640625 0.5681484375 0.0206796875 0.0421640625
1 0.06443750000000001 0.5381796875 0.026921875 0.042765625
1 0.010046875 0.3818828125 0.0201015625 0.0289921875
1 0.0196171875 0.43508593749999996 0.021265625 0.016265625
1 0.0411015625 0.40824218749999996 0.009546875 0.0231171875
1 0.0097578125 0.5247109375 0.0113125 0.019734375000000002
1 0.00575 0.49043749999999997 0.0115078125 0.0273671875
1 0.00653125 0.7057421875000001 0.0130703125 0.0282890625
1 0.089046875 0.8395859375000001 0.044890625 0.0635546875
1 0.1627734375 0.8606796875 0.0224140625 0.027609375000000002
1 0.013953125 0.7531640625 0.027914062499999996 0.0313359375
1 0.049789062499999995 0.7810859375 0.0171640625 0.028585937500000002
1 0.094515625 0.6739843750000001 0.024578125 0.0507109375
1 0.2790703125 0.9356484375 0.1007109375 0.1287109375
1 0.42397656250000004 0.9322265625 0.08584375 0.135546875
1 0.49389843750000006 0.9306484375 0.030367187499999997 0.054265625
1 0.9609453125 0.891015625 0.021109375 0.0179765625
1 0.9805781250000001 0.9089765625 0.011539062499999999 0.046078125
1 0.9799843750000001 0.8252109375 0.0377109375 0.0465234375
1 0.9751953125 0.76625 0.049609375 0.030156250000000002
1 0.822875 0.67821875 0.0223046875 0.0240078125
1 0.9776328124999999 0.644140625 0.0447265625 0.0515625
1 0.8891718750000001 0.5923984375 0.0396796875 0.0613515625
1 0.8860546875 0.12846875 0.0178046875 0.0163046875
1 0.88546875 0.0566640625 0.0205390625 0.071921875
1 0.1380625 0.6277734374999999 0.0374609375 0.0364140625
1 0.0403203125 0.8998359375 0.031421875 0.04146875