0 0.11364062500000001 0.09664062500000001 0.0600390625 0.10391406249999999
0 0.10678125000000001 0.3284140625 0.07227343750000001 0.14288281249999998
0 0.342875 0.4706796875 0.0939296875 0.1400234375
0 0.6228203125 0.48152343750000004 0.053093749999999995 0.0857109375
0 0.627546875 0.1781953125 0.06440625 0.10386718749999999
0 0.912859375 0.330640625 0.06769531250000001 0.12509375
0 0.0930546875 0.586296875 0.08933593749999999 0.1469296875
0 0.3488984375 0.7369140625 0.0892890625 0.1459375
0 0.6072421875 0.7729609375 0.0886953125 0.1271953125
0 0.8943203125 0.5961328124999999 0.075109375 0.1369375
0 0.07646875 0.8422890625000001 0.039468750000000004 0.082296875
0 0.618640625 0.96778125 0.0911015625 0.06443750000000001
0 0.8998828124999999 0.8863984374999999 0.06398437500000001 0.1408359375
1 0.113265625 0.021476562499999997 0.0667109375 0.042953124999999995
1 0.11474999999999999 0.20329687500000002 0.05485156249999999 0.10030468749999999
1 0.132546875 0.2708671875 0.0236953125 0.05559375
1 0.10992968750000001 0.451015625 0.0600390625 0.1266640625
1 0.1174375 0.51653125 0.050953125 0.031492187500000005
1 0.0876875 0.7146171875 0.02296875 0.021625
1 0.1124375 0.69784375 0.0149921875 0.01959375
1 0.10965625000000001 0.779484375 0.027968749999999997 0.07718749999999999
1 0.1172578125 0.8402265625 0.024625 0.0336640625
1 0.14422656250000002 0.8761875 0.0211015625 0.0240078125
1 0.0602421875 0.9251093750000001 0.0719140625 0.0847734375
1 0.110484375 0.9830781249999999 0.0351953125 0.03384375
1 0.1911328125 0.9380468750000001 0.022203125 0.0235078125
0 0.3751328125 0.9891015624999999 0.0397890625 0.0217890625
1 0.3235 0.9724140625000001 0.0347890625 0.0551640625
1 0.3711484375 0.896046875 0.037375000000000005 0.1564296875
1 0.325359375 0.846015625 0.053328125000000004 0.056367187500000006
1 0.3421328125 0.8920781249999999 0.025703125 0.0205625
1 0.3247109375 0.9182109374999999 0.03534375 0.0616953125
1 0.38115625 0.60396875 0.027734375 0.1303515625
1 0.3311953125 0.6019375 0.0446171875 0.09290625
1 0.38690625 0.4240859375 0.013273437499999999 0.026453125
1 0.40053906250000004 0.46153125 0.03178125 0.034585937500000004
1 0.333703125 0.3414140625 0.021812500000000002 0.076171875
1 0.3998828125 0.34948437499999996 0.016984375 0.0259296875
1 0.39821875 0.281921875 0.0173515625 0.0350625
1 0.32637499999999997 0.2571796875 0.020140625000000002 0.0356328125
1 0.347140625 0.2717265625 0.01990625 0.025796875000000004
1 0.3729140625 0.254859375 0.0205078125 0.0328515625
1 0.3674375 0.2163984375 0.0299609375 0.028242187499999998
1 0.3946953125 0.230671875 0.0230625 0.030828125
1 0.3906171875 0.173671875 0.028109375 0.0410546875
1 0.33582812500000003 0.009398437499999999 0.0279296875 0.018796874999999998
1 0.6112265625 0.0839296875 0.10592968750000001 0.1211328125
1 0.6705625000000001 0.22193749999999998 0.05721875 0.0467265625
1 0.5848125 0.1484375 0.032710937499999995 0.0573359375
1 0.5935234375 0.25725 0.03159375 0.026500000000000003
1 0.6418203124999999 0.258359375 0.04475 0.0435546875
1 0.6723203125 0.30803125 0.0445625 0.039078125000000005
1 0.5811015625 0.3072890625 0.0475390625 0.050937500000000004
1 0.63153125 0.34064843749999996 0.0445625 0.10430468749999999
1 0.5839765625 0.3665078125 0.0477265625 0.06146875
1 0.6686093750000001 0.3627109375 0.029593750000000002 0.033484375
1 0.6290312499999999 0.0133125 0.030289062500000002 0.0243984375
1 0.59584375 0.4439453125 0.034375 0.066171875
1 0.6583203125 0.43060937499999996 0.029546875 0.0543203125
1 0.6583203125 0.5093828125 0.0371953125 0.059835937500000005
1 0.57675 0.5329140625 0.0369765625 0.0735390625
1 0.638296875 0.5641484375 0.0414140625 0.089640625
1 0.609375 0.5831484375 0.0280703125 0.0664609375
1 0.5882421875 0.6419921875 0.030296875 0.1340859375
1 0.660171875 0.7649296875 0.0406640625 0.1574765625
1 0.59046875 0.88653125 0.07182812499999999 0.10402343750000001
1 0.657296875 0.9055703125000001 0.0478984375 0.14025
1 0.6640703125 0.6386796875 0.037328125000000004 0.029195312499999997
1 0.57378125 0.814015625 0.0384609375 0.053554687499999996
1 0.8822734375 0.9779843749999999 0.07696875 0.04403125
1 0.8603984375 0.9041874999999999 0.0406328125 0.098546875
1 0.8689218750000001 0.7875078125 0.042859375 0.0635859375
1 0.9136015625 0.767484375 0.039515625 0.10511718750000001
1 0.8696640625000001 0.7089140625 0.04434375 0.09921875
1 0.9113828125 0.6889062499999999 0.0276484375 0.036953124999999996
1 0.8696640625000001 0.45981249999999996 0.074 0.1294140625
1 0.85975 0.3417421875 0.0448984375 0.1046484375
1 0.89025 0.3763203125 0.029445312499999998 0.0458671875
1 0.8849609375 0.0438671875 0.08790624999999999 0.08772656250000001
1 0.89515625 0.1482109375 0.0675078125 0.10879687499999999
1 0.8493671875000001 0.1305234375 0.0241328125 0.041890625