0 0.13582031249999998 0.0418125 0.0935078125 0.08128125
0 0.1115 0.261953125 0.08589843750000001 0.11727343750000001
0 0.392921875 0.28675 0.0745234375 0.155140625
0 0.741921875 0.1414765625 0.1045390625 0.17709375
0 0.7167265625 0.4242421875 0.08931249999999999 0.1508359375
0 0.0666796875 0.645578125 0.08024218749999999 0.1188984375
0 0.3540625 0.754140625 0.078828125 0.1563203125
0 0.6995390625 0.7406640624999999 0.078375 0.17234375
0 0.060140625 0.9336953125 0.080828125 0.1326171875
1 0.25982812499999997 0.09690625 0.0954453125 0.11529687500000001
1 0.207296875 0.15871875 0.02553125 0.0338359375
1 0.308953125 0.0395078125 0.031570312499999996 0.039570312499999996
1 0.3799375 0.0422421875 0.08175 0.05284375
1 0.383359375 0.1349765625 0.0749140625 0.1172265625
1 0.44204687500000006 0.163203125 0.0340859375 0.054531249999999996
1 0.47328906249999997 0.05307031250000001 0.104390625 0.10614062500000002
1 0.2677421875 0.1921953125 0.0468125 0.0636875
1 0.3288671875 0.190046875 0.0479765625 0.0554921875
1 0.3119765625 0.29089062499999996 0.07864062499999999 0.12240625000000001
1 0.24625781249999998 0.38471875 0.09759375 0.08153906250000001
1 0.23424999999999999 0.3073984375 0.02475 0.036289062500000004
1 0.0582890625 0.42874999999999996 0.051726562499999997 0.06218749999999999
1 0.16023437499999998 0.381734375 0.021242187500000002 0.028703125000000003
1 0.2043671875 0.3295 0.031390625 0.031656250000000004
1 0.16696875 0.319640625 0.017140625 0.029515625
1 0.20905468749999997 0.26301562500000003 0.017328125 0.0178359375
1 0.1443125 0.53621875 0.034335937500000004 0.0310234375
1 0.097734375 0.5064375 0.0212578125 0.035921875
1 0.05653125 0.49296875 0.020874999999999998 0.020703125
1 0.048812499999999995 0.5227421875 0.0269296875 0.031421875
1 0.10096093749999999 0.5528125 0.010125 0.044679687499999995
1 0.146265625 0.593515625 0.061671875 0.0538359375
1 0.23063281249999998 0.5576796875000001 0.08978125 0.1442578125
1 0.23492968749999998 0.455375 0.0749375 0.056843750000000005
1 0.36675 0.48815625 0.12374218749999999 0.2317734375
1 0.2924453125 0.571828125 0.0317734375 0.1549921875
1 0.133765625 0.6855859375 0.0366796875 0.052414062500000004
1 0.137671875 0.4455234375 0.028867187500000002 0.01565625
1 0.113265625 0.4003203125 0.0230078125 0.024859375
1 0.183375 0.44425 0.026515624999999998 0.0541171875
1 0.182203125 0.6634218749999999 0.031984374999999995 0.0295859375
1 0.284828125 0.676015625 0.075125 0.060625
1 0.3244765625 0.6462343749999999 0.041140625 0.0655234375
1 0.47163281250000005 0.6408750000000001 0.032718750000000005 0.0372109375
1 0.5014140625 0.6197890625 0.027828125 0.026289062499999998
1 0.48657031249999994 0.70246875 0.052828125000000004 0.0779765625
1 0.6263046875 0.8238749999999999 0.0217578125 0.0555546875
1 0.6285546875 0.967390625 0.0360078125 0.06521875
1 0.30767968749999997 0.9228828124999999 0.046609374999999995 0.1246328125
1 0.364703125 0.859046875 0.0512890625 0.0399296875
1 0.3559140625 0.9450468750000001 0.0532421875 0.06936718750000001
1 0.035828125 0.77684375 0.03415625 0.0356875
1 0.0837734375 0.81853125 0.022625 0.027265624999999998
1 0.168921875 0.857 0.028859375 0.029976562499999998
1 0.21569531249999999 0.8615859374999999 0.014984375 0.0332890625
1 0.45864062499999997 0.954203125 0.1024375 0.0916015625
1 0.46264843750000006 0.77003125 0.01475 0.012328124999999999
1 0.734890625 0.9273046875000001 0.020171875 0.031960937499999995
1 0.68509375 0.9521015625 0.026039062499999998 0.0307734375
1 0.6548203125 0.9668984375 0.01628125 0.0662109375
1 0.752859375 0.802921875 0.048296875 0.06835156249999999
1 0.7570546874999999 0.7247343749999999 0.0195859375 0.0232890625
1 0.65003125 0.6423281249999999 0.0399140625 0.045984375
1 0.717703125 0.6126484375000001 0.0248671875 0.0491328125
1 0.766625 0.5720390625 0.0270078125 0.030406250000000003
1 0.8455234375 0.5369921875 0.020742187500000002 0.028671875000000003
1 0.6540390625 0.48152343750000004 0.03815625 0.073984375
1 0.5295390624999999 0.23228125 0.0528203125 0.0383984375
1 0.5368593749999999 0.172046875 0.045984375 0.044875
1 0.5762109375 0.20758593749999998 0.0328984375 0.030015625
1 0.49546093750000003 0.3971796875 0.0178671875 0.022484375
1 0.5240703124999999 0.40928125 0.041890625 0.0388828125
1 0.5657656249999999 0.38409375 0.025671875 0.047093750000000004
1 0.6297265624999999 0.4075234375 0.0227265625 0.0470859375
1 0.5271953125 0.333625 0.016890625 0.034046875
1 0.5251406249999999 0.27075 0.0225546875 0.0176796875
1 0.5605859375 0.2901796875 0.0250859375 0.019421874999999998
1 0.5818749999999999 0.508765625 0.0246875 0.028867187500000002
1 0.6466171875 0.5705703125 0.0155 0.017695312499999998
1 0.784109375 0.5231171875 0.0092265625 0.0204609375
1 0.8169140625000001 0.41553125 0.0201640625 0.027945312500000003
1 0.8255078125 0.38058593749999997 0.037343749999999995 0.0244453125
1 0.44400000000000006 0.4596640625 0.0223671875 0.030257812499999998
1 0.5142109375 0.49148437500000003 0.0163046875 0.050937500000000004
1 0.5397890624999999 0.4565390625 0.0245 0.016203125
1 0.557078125 0.5010546875 0.0180546875 0.058351562499999995
1 0.5951562499999999 0.4501875 0.02 0.044515624999999996
1 0.63890625 0.7578125 0.0215546875 0.028914062499999997
1 0.8173046875000001 0.151859375 0.044375 0.0748125
1 0.9314609375 0.1046171875 0.0207265625 0.027203125
1 0.7980703124999999 0.2993515625 0.015671875 0.018226562499999998
1 0.182984375 0.7813515625 0.017921875 0.03496875
1 0.1353359375 0.7868203125 0.016367187499999998 0.022468750000000003
1 0.08709375 0.7400546875 0.017546875 0.059796875000000006
1 0.316859375 0.8320234375 0.0298125 0.0445078125
1 0.9844687499999999 0.9869140625 0.0310546875 0.026171875