0 0.7615937500000001 0.1537890625 0.13178125000000002 0.1778828125
0 0.7244921875 0.4908046875 0.0966328125 0.14097656249999999
0 0.7262421875 0.8125859375 0.1243671875 0.1470390625
0 0.381546875 0.9205625 0.09825 0.1372109375
0 0.501078125 0.9309296874999999 0.0220703125 0.002203125
0 0.383890625 0.5983906250000001 0.0716953125 0.1100625
0 0.062828125 0.31037499999999996 0.1170546875 0.2020078125
0 0.0405625 0.7707890625 0.08034375 0.208765625
0 0.424515625 0.29515625 0.059187500000000004 0.1325
0 0.0753203125 0.043289062499999996 0.11080468750000001 0.0865703125
1 0.3210625 0.7120625 0.03240625 0.0435703125
1 0.348578125 0.772109375 0.030140624999999997 0.0456171875
1 0.44614062499999996 0.6201640625 0.037765625000000004 0.04553125
1 0.344671875 0.665203125 0.0240703125 0.0331796875
1 0.3585625 0.7242109375 0.0310078125 0.0331484375
1 0.3892890625 0.7557968749999999 0.019546875 0.0268828125
1 0.34215625 0.816203125 0.013828125 0.0226796875
1 0.41332812499999994 0.8535468749999999 0.0172890625 0.0331328125
1 0.41671874999999997 0.7865546875 0.01190625 0.017203125
1 0.0478203125 0.9618515625 0.0206484375 0.0205703125
1 0.0679609375 0.912296875 0.0261953125 0.030843749999999996
1 0.01015625 0.862484375 0.01821875 0.02496875
1 0.7517578125 0.9625390625 0.022265625 0.0427890625
1 0.6456875 0.9205390625 0.042765625 0.0421171875
1 0.7593125 0.8914687499999999 0.03215625 0.0239140625
1 0.373578125 0.669484375 0.017640625 0.027859375
1 0.44675000000000004 0.505875 0.033773437499999996 0.0409140625
1 0.36238281250000004 0.492765625 0.0247578125 0.0476875
1 0.395453125 0.49623437499999995 0.033609375000000004 0.054625
1 0.3574296875 0.44104687499999995 0.0166015625 0.020640625000000003
1 0.419234375 0.46439062499999995 0.0221484375 0.023929687499999998
1 0.42834374999999997 0.6776093750000001 0.0178046875 0.031960937499999995
1 0.40065625000000005 0.638296875 0.01625 0.0314609375
1 0.7960234374999999 0.5413671875 0.0239921875 0.033773437499999996
1 0.4363359375 0.3912578125 0.019890625000000002 0.0304375
1 0.369328125 0.40002343749999997 0.017812500000000002 0.0253984375
1 0.376703125 0.3536015625 0.01 0.0210859375
1 0.973609375 0.1386953125 0.05278125 0.0409375
1 0.688484375 0.2740703125 0.0363359375 0.068625
1 0.4295625 0.1391328125 0.0237109375 0.0261796875
1 0.387984375 0.190765625 0.015210937499999999 0.027023437500000004
1 0.4171484375 0.193890625 0.017984375 0.033265625
1 0.427046875 0.16412500000000002 0.0273515625 0.020617187500000002
1 0.42964843750000004 0.5469765625 0.015203125000000001 0.0206875
1 0.9918046875 0.482453125 0.012515624999999999 0.0211640625
1 0.9758906250000001 0.9309218749999999 0.0256015625 0.0606796875
1 0.9208125 0.202484375 0.032640625 0.025671875
1 0.40914062500000004 0.050249999999999996 0.0249140625 0.021984375
1 0.46499218750000004 0.0340390625 0.011625 0.0247265625
1 0.395078125 0.011296875000000001 0.0280390625 0.02025
1 0.1276171875 0.11517187499999999 0.022421875 0.0326796875
1 0.121953125 0.06498437500000001 0.015 0.0377890625