0 0.0747890625 0.095796875 0.08278125 0.12478906249999999
0 0.371640625 0.2043515625 0.0749140625 0.14659375
0 0.7160390624999999 0.1879453125 0.0859921875 0.1606640625
0 0.6650703124999999 0.48035937500000003 0.081703125 0.1380546875
0 0.3398046875 0.5840390625 0.10109375000000001 0.11495312499999999
0 0.067953125 0.40157031249999997 0.088640625 0.15821093749999998
0 0.028796875 0.6832265625 0.05759375 0.1258359375
0 0.6576484375 0.7909375 0.098109375 0.1732890625
0 0.30796875 0.9006093749999999 0.0882109375 0.18559375
0 0.028109375 0.9437109375 0.0558359375 0.112578125
0 0.34585937499999997 0.029226562499999997 0.062421875 0.058453124999999995
1 0.14353125 0.049625 0.0327734375 0.0676171875
1 0.18025 0.042210937500000004 0.020265625000000002 0.0293515625
1 0.2630546875 0.047867187500000005 0.1311796875 0.0914375
1 0.29800781249999997 0.136515625 0.0800078125 0.05780468749999999
1 0.1390390625 0.1353515625 0.027695312500000003 0.0398359375
1 0.046078125 0.22116406249999998 0.0292734375 0.041546875
1 0.1045703125 0.27046875 0.046640625000000005 0.0366328125
1 0.0943203125 0.182203125 0.02028125 0.0632421875
1 0.153296875 0.47389843750000005 0.028867187500000002 0.0431015625
1 0.1277109375 0.332625 0.044101562500000004 0.0398671875
1 0.018640625 0.30158593749999996 0.02321875 0.020749999999999998
1 0.1902109375 0.23822656250000002 0.02065625 0.0287890625
1 0.021281249999999998 0.5017578125 0.0304453125 0.020703125
1 0.0590703125 0.5187421875 0.0376640625 0.035140624999999995
1 0.1025234375 0.5863984375 0.0210625 0.0435
1 0.0516484375 0.5903046875 0.022828124999999998 0.0356875
1 0.14196875 0.876703125 0.139015625 0.14949218749999998
1 0.24274218749999998 0.95715625 0.0358828125 0.08384375
1 0.1871796875 0.98203125 0.0360859375 0.0359375
1 0.1425546875 0.98203125 0.0347265625 0.0359375
1 0.0206953125 0.773921875 0.0175546875 0.0161953125
1 0.01903125 0.826046875 0.0161953125 0.030617187499999997
1 0.073421875 0.7195390625 0.013640625 0.0421953125
1 0.154171875 0.744515625 0.13803125 0.13121875
1 0.24860156249999998 0.653328125 0.047593750000000004 0.1636875
1 0.303875 0.7322109375 0.0604765625 0.149578125
1 0.366953125 0.75165625 0.034296875 0.049796875000000004
1 0.3503515625 0.7996953125 0.020624999999999998 0.020867187500000002
1 0.37984375 0.667984375 0.0522578125 0.0562890625
1 0.1880625 0.642015625 0.0827578125 0.07075000000000001
1 0.470265625 0.46974218749999996 0.1041953125 0.2164375
1 0.46577343750000005 0.6083984375 0.036625000000000005 0.05625
1 0.41333593750000003 0.5870234375 0.019640625000000002 0.0349765625
1 0.4028828125 0.8925546875 0.0983515625 0.132375
1 0.28424218749999997 0.5172109375 0.077859375 0.06528125
1 0.351328125 0.37858593749999997 0.0952265625 0.1884296875
1 0.177515625 0.30734374999999997 0.022609375 0.04203125
1 0.325546875 0.23469531250000003 0.0218046875 0.10767968750000001
1 0.48628125000000005 0.0900859375 0.034664062499999995 0.045015625
1 0.5146953125 0.06792187499999999 0.030953124999999998 0.03
1 0.5070781249999999 0.154609375 0.0665 0.0705546875
1 0.47885937500000003 0.21690625 0.019828125 0.027171875
1 0.640859375 0.275578125 0.025460937500000003 0.0644296875
1 0.6640937499999999 0.0888203125 0.028976562500000004 0.020999999999999998
1 0.731375 0.0428359375 0.028765625 0.028640624999999996
1 0.7363593749999999 0.0694921875 0.0172421875 0.0174921875
1 0.776390625 0.163890625 0.01528125 0.0285703125
1 0.662828125 0.112546875 0.020578125 0.0157109375
1 0.7704375 0.24892187500000001 0.0443828125 0.075578125
1 0.7500234375 0.36490625 0.0211484375 0.034109375
1 0.6517968749999999 0.20392187499999997 0.0160859375 0.02659375
1 0.6462265625 0.3920859375 0.03815625 0.039632812499999996
1 0.7424140625 0.463546875 0.0254453125 0.0419375
1 0.72903125 0.5490703124999999 0.024078125 0.033296875
1 0.6008203125 0.5585390625 0.035234375 0.02684375
1 0.64134375 0.622 0.024484375 0.0326640625
1 0.75178125 0.7095390625 0.0441953125 0.0476015625
1 0.7296171874999999 0.6503828125 0.02134375 0.026937499999999996
1 0.704421875 0.623828125 0.0139296875 0.020703125
1 0.6220078124999999 0.683578125 0.0209765625 0.0230078125
1 0.59603125 0.8970859375 0.051054687499999994 0.045734375
1 0.6126328125 0.794484375 0.0256640625 0.026070312499999998
1 0.7247343749999999 0.7696875000000001 0.023296875 0.0194453125
1 0.6481796875 0.9541718749999999 0.0420625 0.0231875
0 0.652671875 0.98203125 0.0783828125 0.0359375
1 0.9815390624999999 0.5831953125 0.0369140625 0.16599999999999998
1 0.957625 0.6577968750000001 0.026187500000000002 0.033960937499999996
1 0.9770546875000001 0.7235078125000001 0.0435703125 0.030601562500000002
1 0.9721718750000001 0.7716328125 0.0455234375 0.04678125
1 0.9786093749999999 0.9122109375 0.0427734375 0.1755859375