0 0.37999218749999997 0.089265625 0.0909296875 0.1785234375
0 0.7962734375 0.039625 0.1142890625 0.07925
0 0.788765625 0.3474609375 0.10594531250000001 0.1159609375
0 0.336609375 0.43379687499999997 0.08759375 0.130140625
1 0.061312500000000006 0.47717968749999995 0.0842578125 0.0951015625
1 0.0087578125 0.1843671875 0.017515625 0.0734140625
1 0.0225234375 0.0254453125 0.028367187500000002 0.045882812499999995
1 0.2702890625 0.4075234375 0.045046875 0.102609375
1 0.33869531249999996 0.5372421875 0.0817578125 0.075078125
1 0.029617187499999996 0.5985625 0.034203125 0.03253125
1 0.0321171875 0.5635234375 0.0225234375 0.0141796875
1 0.0187734375 0.6582109375 0.0375390625 0.0784140625
1 0.0855078125 0.7403828125 0.04921875 0.0475546875
1 0.0225234375 0.7345390625 0.0417109375 0.07090625
1 0.007921875 0.7950234375 0.0158515625 0.025023437500000002
1 0.029195312499999997 0.83965625 0.021687500000000002 0.030867187499999997
1 0.467171875 0.037125000000000005 0.0483828125 0.045882812499999995
1 0.47008593750000005 0.10928125 0.050890625 0.061734374999999994
1 0.4813515625 0.1760234375 0.046718749999999996 0.05005468749999999
1 0.4454765625 0.20521875 0.0433828125 0.0550625
1 0.4655 0.263203125 0.0600625 0.0608984375
1 0.5514296875 0.41586718749999996 0.2936484375 0.23942187499999998
1 0.644859375 0.190625 0.0633984375 0.0592265625
1 0.6544531250000001 0.26028125 0.0825859375 0.0600625
1 0.3019921875 0.346625 0.0650703125 0.0392109375
1 0.395421875 0.451734375 0.025023437500000002 0.18936718749999998
1 0.59146875 0.5731171875000001 0.10510937499999999 0.0784140625
1 0.6828203125 0.564359375 0.044210937500000005 0.055890625000000006
1 0.8525859375 0.4984296875 0.2936484375 0.1926640625
1 0.7170234375 0.6894921875 0.0375390625 0.0592265625
1 0.8537109375 0.632765625 0.2925703125 0.0608984375
1 0.770828125 0.72703125 0.0650703125 0.112625
1 0.845078125 0.7775000000000001 0.0650703125 0.2252421875
1 0.9759296875000001 0.806703125 0.048140625 0.070078125
1 0.9047265624999999 0.7941874999999999 0.055890625000000006 0.07675
1 0.976765625 0.739546875 0.0464765625 0.0575625
1 0.9159843750000001 0.712015625 0.070078125 0.089265625
1 0.805453125 0.1856171875 0.1343125 0.20271875
1 0.884703125 0.1789453125 0.020859375 0.0475546875
1 0.888875 0.245265625 0.035875000000000004 0.0567265625
1 0.7249453124999999 0.16809375 0.026695312500000002 0.04921875
1 0.72203125 0.234421875 0.035875000000000004 0.03003125
1 0.967171875 0.273625 0.0656640625 0.0483828125
1 0.8892890625 0.345375 0.09009375 0.11011718749999999
1 0.9692578125000001 0.35496875 0.061492187499999997 0.10428124999999999
1 0.8688515625000001 0.04796875 0.025859375 0.050890625
1 0.9205781249999999 0.05005468749999999 0.042546875 0.040046874999999996
1 0.07466406249999999 0.18353124999999998 0.02753125 0.06674218750000001
1 0.127640625 0.14515625000000001 0.028367187500000002 0.0433828125