0 0.130203125 0.26156250000000003 0.10728125 0.20593750000000002
0 0.07766406249999999 0.71865625 0.1311171875 0.20996874999999998
0 0.4485390625 0.5552421875 0.048640625 0.10579687499999998
0 0.4920859375 0.261578125 0.061515625 0.11221874999999999
0 0.826234375 0.12957812500000002 0.12435156249999998 0.1763359375
0 0.7946015625 0.46346875 0.08451562500000001 0.1331875
0 0.7830781250000001 0.774578125 0.1044375 0.16165625
0 0.43584375 0.8754062499999999 0.07403125 0.1328359375
1 0.06804687499999999 0.8027421875 0.031578125 0.033953125
1 0.11283593750000001 0.9083515625 0.0169921875 0.02121875
1 0.135578125 0.8608828125000001 0.0242734375 0.0287109375
1 0.1036328125 0.6500859375 0.022890625 0.025515624999999997
1 0.3841640625 0.6660546875 0.028398437500000002 0.036617187499999995
1 0.42409375000000005 0.67646875 0.0318671875 0.036609375
1 0.4099453125 0.7253203125 0.029609375 0.04578125
1 0.45325781249999997 0.7145625 0.0138125 0.0312109375
1 0.5068984375000001 0.571375 0.0412265625 0.053859375
1 0.4097734375 0.621359375 0.0188515625 0.0288359375
1 0.4384140625 0.6251796875 0.017109375 0.0225859375
1 0.0615390625 0.49787499999999996 0.016828125 0.030125000000000002
1 0.4210546875 0.39865625 0.017109375 0.02265625
1 0.44388281249999995 0.44750781249999994 0.050609375 0.05959375
1 0.5075937500000001 0.46278125000000003 0.028726562500000004 0.04153125
1 0.501515625 0.501046875 0.033937499999999995 0.0399453125
1 0.5022109375 0.35838281250000004 0.0144921875 0.025453125
1 0.4466640625 0.3596015625 0.028390625000000003 0.0244140625
1 0.44318749999999996 0.315953125 0.0145078125 0.03259375
1 0.4942265625 0.6396171875000001 0.019359375 0.028890624999999996
1 0.3786953125 0.971703125 0.015734375000000002 0.012507812500000002
1 0.40421874999999996 0.7721953125 0.01190625 0.028414062499999997
1 0.4757421875 0.7486796874999999 0.011898437500000001 0.014374999999999999
1 0.7054921875 0.8832656249999999 0.035640624999999995 0.0491796875
1 0.8104296874999999 0.934296875 0.021562500000000002 0.0470625
0 0.756875 0.9714375000000001 0.0481328125 0.0571171875
1 0.8239765625000001 0.865828125 0.020867187500000002 0.022984375
1 0.858171875 0.5128828125 0.030234375 0.037578125000000004
1 0.77796875 0.4078515625 0.022609375 0.0236875
1 0.69178125 0.11871875000000001 0.032515625 0.07215625
1 0.751234375 0.2458515625 0.0385859375 0.053859375
1 0.49709375 0.10984374999999999 0.0233515625 0.0214140625
1 0.47652343750000004 0.0210625 0.0325546875 0.029625000000000002
1 0.4834609375 0.16121093749999998 0.018664062500000002 0.026937499999999996
1 0.45594531250000003 0.1608671875 0.013984374999999999 0.026250000000000002
1 0.1946015625 0.0740859375 0.024265625 0.026296874999999997
1 0.19529687499999998 0.16902343749999998 0.0187109375 0.032140625
1 0.12056249999999999 0.0775546875 0.0168125 0.0193515625
1 0.53371875 0.007875 0.01675 0.01575
1 0.4093359375 0.8127421874999999 0.01971875 0.015765625
1 0.0690859375 0.9172890625000001 0.012828125000000001 0.02
1 0.050859375 0.9034921875 0.014570312499999998 0.018445312499999998
1 0.09539062499999999 0.512625 0.011609375 0.0144921875
1 0.1154375 0.431140625 0.01178125 0.0372734375