0 0.26144531249999997 0.163359375 0.0885078125 0.1150078125
0 0.5891484375 0.0280625 0.079859375 0.051437500000000004
0 0.5979375 0.28402343750000003 0.09353125 0.161015625
0 0.59559375 0.5759453125 0.08884375 0.12060937499999999
0 0.275703125 0.700515625 0.06624218750000001 0.0994609375
0 0.5946171875 0.8799531249999999 0.075171875 0.11849218749999998
0 0.8791640624999999 0.866671875 0.093484375 0.1231875
0 0.8758437499999999 0.6067812499999999 0.075125 0.146375
0 0.8449843749999999 0.3133125 0.0837265625 0.14928125
0 0.8502578125 0.0604609375 0.09817187499999999 0.120921875
0 0.2755078125 0.966015625 0.0541328125 0.06796875
1 0.58778125 0.16024218750000002 0.0576015625 0.0775234375
1 0.8670546874999999 0.481828125 0.108328125 0.09959375000000001
1 0.8756484375 0.4088046875 0.06301562499999999 0.0551171875
1 0.9313125 0.4418046875 0.0326875 0.0390859375
1 0.8594375 0.174296875 0.0891875 0.105625
1 0.58075 0.44315625000000003 0.10603125 0.1550625
1 0.552828125 0.7649453125 0.0618984375 0.0955234375
1 0.599109375 0.6827421874999999 0.0880625 0.0912734375
1 0.6198125 0.7825234375 0.04353125 0.0916015625
1 0.5899296875 0.9654765624999999 0.112671875 0.06299218749999999
1 0.8801406249999999 0.966015625 0.12278125 0.06796875
1 0.8844375 0.7424921875 0.07668749999999999 0.1248203125
1 0.299328125 0.8408906249999999 0.14084375 0.181
1 0.33273437499999997 0.7110546875 0.054070312499999995 0.11273437500000001
1 0.27061718749999997 0.43842968750000005 0.173265625 0.442484375
1 0.022203125 0.873484375 0.0358203125 0.2501015625
1 0.271984375 0.05375 0.19553125 0.10750781250000001
1 0.3381953125 0.17715625 0.050609375 0.0761953125
1 0.20656249999999998 0.16621875 0.0295390625 0.1011953125